Total side score = 453
Average side score = 2.88535031847
Side score breakdown = [3, 2, 4, 4, 3, 1, 4, 1, 3, 1, 2, 3, 3, 2, 3, 4, 1, 4, 2, 2, 2, 4, 4, 4, 4, 4, 1, 2, 4, 4, 4, 4, 1, 3, 2, 3, 4, 4, 4, 4, 4, 1, 2, 1, 3, 2, 3, 4, 2, 3, 1, 4, 4, 1, 1, 2, 4, 4, 4, 1, 4, 4, 1, 1, 4, 4, 4, 4, 4, 4, 4, 1, 4, 1, 4, 2, 3, 4, 4, 4, 4, 3, 2, 1, 4, 2, 4, 4, 4, 4, 4, 4, 3, 4, 3, 1, 1, 3, 2, 4, 3, 4, 4, 3, 4, 4, 3, 3, 1, 3, 1, 2, 2, 4, 2, 4, 3, 2, 4, 4, 1, 1, 1, 2, 4, 2, 3, 2, 3, 1, 1, 4, 1, 4, 4, 4, 2, 4, 4, 3, 4, 4, 2, 1, 4, 3, 3, 4, 2, 3, 4, 4, 1, 2, 2, 1, 3]

Total across score = 529
Average across score = 2.93888888889
Across score breakdown = [4, 4, 1, 3, 4, 4, 4, 4, 4, 4, 4, 4, 4, 3, 1, 4, 2, 4, 4, 3, 4, 4, 1, 4, 2, 4, 1, 3, 3, 4, 4, 1, 4, 4, 4, 1, 2, 1, 3, 1, 4, 4, 1, 4, 4, 3, 4, 4, 3, 1, 1, 1, 4, 1, 3, 3, 4, 4, 4, 3, 2, 4, 3, 3, 4, 1, 2, 1, 4, 1, 4, 3, 4, 1, 1, 4, 4, 2, 2, 4, 4, 4, 4, 3, 4, 4, 4, 4, 4, 2, 3, 1, 2, 4, 4, 4, 3, 3, 2, 4, 3, 1, 3, 2, 1, 4, 3, 4, 3, 4, 4, 2, 1, 3, 3, 2, 2, 2, 4, 4, 4, 3, 1, 4, 4, 2, 4, 4, 4, 4, 3, 2, 1, 4, 4, 4, 3, 4, 3, 1, 1, 2, 3, 2, 4, 3, 4, 4, 1, 3, 3, 3, 4, 3, 4, 4, 2, 1, 4, 3, 4, 1, 1, 1, 1, 2, 4, 2, 4, 4, 1, 3, 3, 2, 2, 1, 4, 3, 3, 2]

Side score avg percent = 0.291047358675
Across score avg percent = 0.299968171934
Side score percent breakdown = [0.367816091954023, 0.25287356321839083, 0.3458646616541353, 0.26490066225165565, 0.2564102564102564, 0.21153846153846154, 0.44490644490644493, 0.2756756756756757, 0.2504708097928437, 0.2, 0.22465208747514911, 0.24242424242424243, 0.2631578947368421, 0.2268041237113402, 0.2413793103448276, 0.4039334341906203, 0.19461697722567287, 0.36088709677419356, 0.23578947368421052, 0.27313769751693, 0.20689655172413793, 0.3357664233576642, 0.28431372549019607, 0.25862068965517243, 0.3492063492063492, 0.3203125, 0.21875, 0.2222222222222222, 0.34579439252336447, 0.4875, 0.39644970414201186, 0.30145530145530147, 0.2292134831460674, 0.2620545073375262, 0.20869565217391303, 0.2641509433962264, 0.28346456692913385, 0.24778761061946902, 0.24324324324324326, 0.42712842712842713, 0.3251088534107402, 0.24574209245742093, 0.21063829787234042, 0.17928286852589642, 0.2854368932038835, 0.2616632860040568, 0.2847682119205298, 0.26515151515151514, 0.2962962962962963, 0.2013888888888889, 0.17391304347826086, 0.3942857142857143, 0.3240901213171577, 0.18072289156626506, 0.1970954356846473, 0.2743764172335601, 0.4166666666666667, 0.38596491228070173, 0.34615384615384615, 0.21505376344086022, 0.4316546762589928, 0.337890625, 0.15821501014198783, 0.1803921568627451, 0.3210633946830266, 0.4056603773584906, 0.29411764705882354, 0.2540983606557377, 0.2248062015503876, 0.3717421124828532, 0.5116731517509727, 0.2562674094707521, 0.2517361111111111, 0.225, 0.3968253968253968, 0.2558139534883721, 0.3448275862068966, 0.2028985507246377, 0.34710743801652894, 0.453781512605042, 0.5157232704402516, 0.38253638253638256, 0.3407202216066482, 0.19789473684210526, 0.3554083885209713, 0.2701525054466231, 0.35714285714285715, 0.43846153846153846, 0.3465346534653465, 0.37593984962406013, 0.34951456310679613, 0.29523809523809524, 0.23853211009174313, 0.31932773109243695, 0.25925925925925924, 0.18629550321199143, 0.16635514018691588, 0.30455635491606714, 0.22505307855626328, 0.34285714285714286, 0.30303030303030304, 0.25217391304347825, 0.27102803738317754, 0.3, 0.40965732087227413, 0.4152892561983471, 0.27684563758389263, 0.24166666666666667, 0.18333333333333332, 0.3161290322580645, 0.25064599483204136, 0.22958057395143489, 0.2542016806722689, 0.3013698630136986, 0.2765957446808511, 0.3148148148148148, 0.26881720430107525, 0.21238938053097345, 0.38, 0.34285714285714286, 0.20238095238095238, 0.20562770562770563, 0.2, 0.3170731707317073, 0.2721649484536082, 0.2452431289640592, 0.23684210526315788, 0.25576923076923075, 0.2916030534351145, 0.24634146341463414, 0.22083333333333333, 0.34813084112149534, 0.2585812356979405, 0.33035714285714285, 0.39552238805970147, 0.4, 0.25882352941176473, 0.375, 0.25688073394495414, 0.2376237623762376, 0.49022556390977445, 0.41568627450980394, 0.23210412147505424, 0.20047169811320756, 0.3434343434343434, 0.2830188679245283, 0.3146067415730337, 0.28225806451612906, 0.25471698113207547, 0.248, 0.2698412698412698, 0.5222222222222223, 0.13089005235602094, 0.28354978354978355, 0.1949317738791423, 0.20229885057471264, 0.2838137472283814]
Across score percent breakdown = [0.3063063063063063, 0.3584905660377358, 0.21978021978021978, 0.28688524590163933, 0.3, 0.3, 0.3333333333333333, 0.2857142857142857, 0.27586206896551724, 0.29292929292929293, 0.3548387096774194, 0.5324427480916031, 0.5792563600782779, 0.3076923076923077, 0.2236024844720497, 0.2650375939849624, 0.25051334702258726, 0.3069306930693069, 0.38562091503267976, 0.2542372881355932, 0.319672131147541, 0.2878787878787879, 0.21348314606741572, 0.30097087378640774, 0.210989010989011, 0.31433823529411764, 0.25722543352601157, 0.2777777777777778, 0.2786885245901639, 0.3125, 0.2920353982300885, 0.17, 0.3511450381679389, 0.3770491803278688, 0.4277673545966229, 0.2538860103626943, 0.2474437627811861, 0.21615720524017468, 0.269811320754717, 0.18899521531100477, 0.48333333333333334, 0.3577981651376147, 0.24096385542168675, 0.40601503759398494, 0.3543307086614173, 0.2761904761904762, 0.288, 0.5928338762214984, 0.26973684210526316, 0.2216867469879518, 0.22466960352422907, 0.19878296146044624, 0.312, 0.23430962343096234, 0.25471698113207547, 0.21100917431192662, 0.461038961038961, 0.32, 0.3391304347826087, 0.26595744680851063, 0.19, 0.26495726495726496, 0.24752475247524752, 0.4329608938547486, 0.4528, 0.26541554959785524, 0.2338403041825095, 0.20956719817767655, 0.4122137404580153, 0.25757575757575757, 0.4226190476190476, 0.24793388429752067, 0.3357664233576642, 0.1717171717171717, 0.1553398058252427, 0.3037037037037037, 0.5256410256410257, 0.27247191011235955, 0.23529411764705882, 0.376, 0.344, 0.2926829268292683, 0.34959349593495936, 0.22641509433962265, 0.24060150375939848, 0.3465346534653465, 0.4109985528219971, 0.5991983967935872, 0.4197247706422018, 0.2459349593495935, 0.3661417322834646, 0.2231237322515213, 0.22857142857142856, 0.43558282208588955, 0.39344262295081966, 0.22131147540983606, 0.27450980392156865, 0.23423423423423423, 0.25961538461538464, 0.2962962962962963, 0.324853228962818, 0.23317307692307693, 0.23653846153846153, 0.24259259259259258, 0.19866071428571427, 0.35185185185185186, 0.211864406779661, 0.3208955223880597, 0.24761904761904763, 0.3559322033898305, 0.2571428571428571, 0.2887323943661972, 0.19739696312364424, 0.25862068965517243, 0.2916666666666667, 0.26865671641791045, 0.23975409836065573, 0.2169811320754717, 0.36885245901639346, 0.256198347107438, 0.3333333333333333, 0.22641509433962265, 0.1782178217821782, 0.3488372093023256, 0.2767857142857143, 0.27951807228915665, 0.33035714285714285, 0.4084507042253521, 0.33636363636363636, 0.3125, 0.25742574257425743, 0.21818181818181817, 0.19801980198019803, 0.3305785123966942, 0.3017241379310345, 0.4701492537313433, 0.35097493036211697, 0.343205574912892, 0.31058823529411766, 0.18683651804670912, 0.2311111111111111, 0.2895927601809955, 0.26552462526766596, 0.1981981981981982, 0.34615384615384615, 0.2376237623762376, 0.31092436974789917, 0.48739495798319327, 0.2413793103448276, 0.2383612662942272, 0.2964509394572025, 0.25052192066805845, 0.43333333333333335, 0.2833333333333333, 0.4551282051282051, 0.4098360655737705, 0.24, 0.1836734693877551, 0.3591549295774648, 0.2972972972972973, 0.6211764705882353, 0.2175925925925926, 0.19507186858316222, 0.2302158273381295, 0.2088607594936709, 0.26666666666666666, 0.3, 0.2268041237113402, 0.27586206896551724, 0.36231884057971014, 0.17204301075268819, 0.35344827586206895, 0.28, 0.44666666666666666, 0.32463768115942027, 0.18143459915611815, 0.29668411867364747, 0.29914529914529914, 0.3240343347639485, 0.26851851851851855]
