Total side score = 506
Average side score = 2.97647058824
Side score breakdown = [1, 4, 4, 4, 4, 3, 4, 3, 3, 4, 2, 4, 3, 2, 4, 4, 4, 4, 4, 4, 3, 3, 2, 2, 4, 4, 4, 4, 4, 4, 1, 2, 3, 3, 1, 3, 1, 3, 4, 4, 3, 1, 3, 2, 3, 4, 1, 3, 3, 2, 4, 4, 4, 3, 3, 3, 3, 4, 4, 4, 3, 3, 2, 1, 2, 1, 2, 2, 4, 4, 4, 4, 4, 3, 1, 3, 2, 3, 2, 3, 4, 4, 4, 4, 2, 3, 3, 3, 3, 1, 4, 1, 1, 4, 4, 3, 4, 3, 4, 4, 3, 2, 1, 3, 1, 2, 4, 4, 2, 4, 4, 3, 4, 2, 2, 2, 3, 2, 1, 4, 1, 3, 4, 3, 3, 2, 2, 2, 4, 3, 4, 3, 3, 1, 2, 3, 3, 3, 2, 2, 4, 4, 4, 3, 3, 2, 1, 4, 4, 4, 4, 3, 4, 3, 4, 3, 3, 3, 1, 3, 2, 4, 4, 4, 4, 3, 3, 2, 2, 3]

Total across score = 472
Average across score = 2.57923497268
Across score breakdown = [4, 4, 2, 4, 4, 1, 3, 4, 1, 3, 1, 2, 1, 4, 4, 1, 3, 4, 3, 2, 3, 3, 4, 3, 4, 2, 2, 4, 4, 4, 4, 4, 2, 3, 4, 1, 2, 3, 2, 4, 1, 3, 1, 1, 1, 2, 4, 4, 1, 4, 3, 4, 1, 1, 4, 1, 2, 2, 3, 4, 1, 3, 4, 2, 1, 4, 2, 1, 3, 3, 1, 1, 1, 3, 4, 4, 4, 3, 4, 3, 1, 4, 1, 4, 1, 2, 1, 1, 1, 3, 3, 3, 3, 2, 4, 3, 2, 2, 1, 1, 3, 4, 4, 2, 1, 4, 3, 4, 4, 1, 3, 3, 1, 2, 2, 2, 1, 4, 3, 3, 2, 2, 4, 3, 3, 1, 4, 1, 2, 2, 4, 3, 4, 1, 1, 4, 1, 4, 1, 4, 2, 1, 4, 3, 2, 2, 3, 2, 4, 3, 1, 1, 2, 3, 1, 2, 4, 4, 4, 3, 3, 4, 2, 4, 2, 2, 1, 4, 2, 2, 3, 3, 2, 4, 4, 3, 4, 1, 1, 2, 2, 1, 1]

Side score avg percent = 0.274427213602
Across score avg percent = 0.26959075122
Side score percent breakdown = [0.1452991452991453, 0.3333333333333333, 0.2857142857142857, 0.3050847457627119, 0.26490066225165565, 0.29508196721311475, 0.37945492662473795, 0.2613861386138614, 0.24107142857142858, 0.2650375939849624, 0.25051334702258726, 0.33794466403162055, 0.30616740088105726, 0.22465208747514911, 0.29365079365079366, 0.319672131147541, 0.30597014925373134, 0.33116883116883117, 0.31433823529411764, 0.28679245283018867, 0.24090121317157712, 0.28429423459244535, 0.23640167364016737, 0.27313769751693, 0.2920353982300885, 0.4028776978417266, 0.25961538461538464, 0.3492063492063492, 0.23076923076923078, 0.34579439252336447, 0.20841683366733466, 0.2172211350293542, 0.300796812749004, 0.269811320754717, 0.18899521531100477, 0.2707509881422925, 0.21174004192872117, 0.2620545073375262, 0.2777777777777778, 0.3543307086614173, 0.30833333333333335, 0.2, 0.24314442413162707, 0.21063829787234042, 0.23495145631067962, 0.312, 0.23430962343096234, 0.27599243856332706, 0.2847682119205298, 0.1640625, 0.36666666666666664, 0.3391304347826087, 0.36936936936936937, 0.2013888888888889, 0.2125984251968504, 0.26785714285714285, 0.24752475247524752, 0.40326340326340326, 0.3064516129032258, 0.3299798792756539, 0.27893738140417457, 0.2710843373493976, 0.2338403041825095, 0.20956719817767655, 0.23255813953488372, 0.1970954356846473, 0.2743764172335601, 0.19298245614035087, 0.3541666666666667, 0.3357664233576642, 0.4316546762589928, 0.3157894736842105, 0.32341269841269843, 0.2813688212927757, 0.1586998087954111, 0.26371308016877637, 0.23529411764705882, 0.2707509881422925, 0.2219873150105708, 0.22556390977443608, 0.34959349593495936, 0.408, 0.34965034965034963, 0.2540983606557377, 0.21495327102803738, 0.2616822429906542, 0.2550091074681239, 0.23859649122807017, 0.2835249042145594, 0.2231237322515213, 0.30833333333333335, 0.225, 0.17424242424242425, 0.33121019108280253, 0.22131147540983606, 0.2831858407079646, 0.2028985507246377, 0.2982456140350877, 0.4326710816777042, 0.33264462809917356, 0.2518248175182482, 0.24259259259259258, 0.19866071428571427, 0.3135245901639344, 0.2063157894736842, 0.2701525054466231, 0.3208955223880597, 0.29523809523809524, 0.19047619047619047, 0.2571428571428571, 0.33663366336633666, 0.23510466988727857, 0.3468208092485549, 0.21910112359550563, 0.26865671641791045, 0.23975409836065573, 0.2607003891050584, 0.23284823284823286, 0.1640625, 0.3333333333333333, 0.13592233009708737, 0.3, 0.32608695652173914, 0.286, 0.2964509394572025, 0.22958057395143489, 0.2542016806722689, 0.1565217391304348, 0.3125, 0.25, 0.2518518518518518, 0.24, 0.25892857142857145, 0.2194616977225673, 0.2895927601809955, 0.26552462526766596, 0.31237322515212984, 0.2929061784897025, 0.2452431289640592, 0.1619718309859155, 0.25806451612903225, 0.23333333333333334, 0.34120171673819744, 0.2964509394572025, 0.25052192066805845, 0.24795081967213115, 0.2585812356979405, 0.2231404958677686, 0.3435114503816794, 0.4551282051282051, 0.4098360655737705, 0.2523364485981308, 0.25688073394495414, 0.2972972972972973, 0.4004149377593361, 0.26875, 0.28102189781021897, 0.32653061224489793, 0.2088607594936709, 0.26744186046511625, 0.22008547008547008, 0.23308270676691728, 0.3219178082191781, 0.36231884057971014, 0.28225806451612906, 0.359375, 0.24481327800829875, 0.26851851851851855, 0.23705179282868527, 0.2838137472283814]
Across score percent breakdown = [0.38613861386138615, 0.2814814814814815, 0.25287356321839083, 0.3458646616541353, 0.2956521739130435, 0.21153846153846154, 0.3583690987124464, 0.31864406779661014, 0.2756756756756757, 0.3291139240506329, 0.18843683083511778, 0.24308300395256918, 0.2, 0.4728682170542636, 0.297029702970297, 0.15053763440860216, 0.2616822429906542, 0.39344262295081966, 0.3333333333333333, 0.2268041237113402, 0.2413793103448276, 0.3697478991596639, 0.3646833013435701, 0.3182751540041068, 0.3697813121272366, 0.23578947368421052, 0.24045801526717558, 0.3548387096774194, 0.22981366459627328, 0.28431372549019607, 0.25862068965517243, 0.3953488372093023, 0.22340425531914893, 0.2545454545454545, 0.24107142857142858, 0.21875, 0.2222222222222222, 0.3574561403508772, 0.3028571428571429, 0.3883333333333333, 0.22466960352422907, 0.30118110236220474, 0.1880952380952381, 0.2, 0.2292134831460674, 0.23232323232323232, 0.21678321678321677, 0.28346456692913385, 0.19811320754716982, 0.24324324324324326, 0.38461538461538464, 0.41232227488151657, 0.24574209245742093, 0.1962809917355372, 0.33820459290187893, 0.25121951219512195, 0.2616632860040568, 0.22935779816513763, 0.2604166666666667, 0.304, 0.19444444444444445, 0.35051546391752575, 0.3240901213171577, 0.22469635627530365, 0.21505376344086022, 0.3382352941176471, 0.1836734693877551, 0.1485148514851485, 0.23529411764705882, 0.3340857787810384, 0.22098214285714285, 0.15821501014198783, 0.26541554959785524, 0.2935222672064777, 0.14915254237288136, 0.28846153846153844, 0.3013698630136986, 0.26804123711340205, 0.4166666666666667, 0.2571428571428571, 0.11458333333333333, 0.2248062015503876, 0.20192307692307693, 0.5116731517509727, 0.2562674094707521, 0.30043859649122806, 0.19457013574660634, 0.206, 0.24017467248908297, 0.25, 0.3448275862068966, 0.3, 0.25961538461538464, 0.2037037037037037, 0.334020618556701, 0.30798479087452474, 0.3407202216066482, 0.25826446280991733, 0.23095238095238096, 0.23413566739606126, 0.24752475247524752, 0.34951456310679613, 0.3269230769230769, 0.26744186046511625, 0.18181818181818182, 0.31932773109243695, 0.25925925925925924, 0.4139344262295082, 0.43197278911564624, 0.18629550321199143, 0.25549915397631134, 0.2916666666666667, 0.21311475409836064, 0.20361990950226244, 0.22505307855626328, 0.2808988764044944, 0.21782178217821782, 0.2635135135135135, 0.30303030303030304, 0.2647058823529412, 0.19642857142857142, 0.21212121212121213, 0.41362916006339145, 0.24166666666666667, 0.2841121495327103, 0.20217391304347826, 0.33553719008264465, 0.25064599483204136, 0.1958762886597938, 0.20909090909090908, 0.3148148148148148, 0.26881720430107525, 0.31521739130434784, 0.16326530612244897, 0.17525773195876287, 0.3346228239845261, 0.22572178477690288, 0.3121597096188748, 0.20562770562770563, 0.34539473684210525, 0.24833702882483372, 0.15521064301552107, 0.2721649484536082, 0.2762557077625571, 0.27906976744186046, 0.20192307692307693, 0.21551724137931033, 0.23423423423423423, 0.3752244165170557, 0.2916030534351145, 0.24634146341463414, 0.18067226890756302, 0.2425531914893617, 0.2903225806451613, 0.20997920997921, 0.23017408123791103, 0.2857142857142857, 0.375, 0.32608695652173914, 0.22413793103448276, 0.2376237623762376, 0.38799076212471134, 0.2823529411764706, 0.41139240506329117, 0.23210412147505424, 0.2795031055900621, 0.1906779661016949, 0.2918825561312608, 0.22, 0.21359223300970873, 0.3146067415730337, 0.25742574257425743, 0.2169811320754717, 0.2698412698412698, 0.35578583765112265, 0.2929782082324455, 0.40161290322580645, 0.2288329519450801, 0.2141119221411192, 0.20930232558139536, 0.1949317738791423, 0.20229885057471264, 0.1862348178137652]
