Total side score = 857
Average side score = 2.98606271777
Side score breakdown = [4, 4, 3, 4, 3, 4, 4, 4, 4, 4, 4, 2, 3, 4, 1, 4, 4, 3, 3, 4, 3, 3, 1, 2, 3, 4, 1, 3, 4, 4, 3, 4, 4, 4, 4, 3, 2, 3, 3, 3, 4, 4, 2, 2, 4, 3, 4, 4, 4, 4, 1, 4, 4, 4, 3, 4, 2, 4, 4, 4, 3, 2, 4, 1, 1, 1, 1, 4, 4, 4, 4, 3, 4, 4, 4, 3, 4, 4, 1, 4, 1, 4, 3, 4, 3, 1, 1, 4, 1, 2, 3, 4, 4, 4, 4, 1, 1, 4, 3, 3, 4, 2, 4, 4, 4, 4, 4, 1, 4, 4, 2, 3, 4, 3, 1, 1, 1, 3, 3, 4, 4, 4, 4, 3, 4, 3, 4, 3, 3, 4, 4, 4, 4, 3, 3, 1, 4, 1, 2, 2, 1, 1, 1, 4, 4, 2, 4, 3, 2, 3, 3, 3, 3, 3, 3, 3, 2, 3, 4, 4, 4, 3, 3, 2, 1, 1, 4, 4, 4, 4, 4, 3, 4, 2, 4, 3, 4, 3, 4, 4, 1, 2, 1, 3, 3, 1, 2, 2, 3, 2, 3, 3, 1, 4, 4, 4, 3, 2, 2, 2, 4, 3, 4, 3, 4, 2, 1, 4, 4, 4, 4, 2, 2, 4, 4, 3, 2, 4, 3, 4, 1, 1, 4, 3, 1, 4, 4, 1, 4, 1, 3, 4, 2, 4, 3, 4, 2, 4, 3, 3, 2, 2, 4, 4, 2, 3, 1, 3, 2, 1, 2, 4, 4, 4, 4, 2, 1, 4, 4, 3, 3, 3, 4, 4, 2, 4, 2, 2, 1, 4, 2, 2, 2, 3, 1, 4, 3, 2, 4, 4, 4, 4, 1, 1, 3, 1, 2]

Total across score = 377
Average across score = 2.51333333333
Across score breakdown = [4, 1, 3, 2, 1, 3, 4, 1, 3, 4, 2, 1, 4, 2, 4, 2, 1, 1, 3, 3, 2, 3, 4, 3, 4, 4, 1, 2, 4, 2, 2, 3, 2, 4, 3, 1, 2, 4, 1, 1, 2, 4, 2, 1, 3, 3, 4, 1, 3, 1, 3, 3, 1, 4, 2, 2, 2, 4, 4, 2, 1, 3, 1, 4, 3, 2, 2, 4, 3, 2, 3, 4, 3, 1, 1, 2, 2, 4, 3, 1, 3, 3, 4, 4, 3, 2, 1, 1, 3, 1, 4, 2, 1, 4, 1, 4, 4, 1, 2, 4, 4, 1, 1, 3, 4, 4, 4, 2, 1, 2, 3, 2, 4, 3, 1, 3, 2, 2, 2, 1, 3, 4, 2, 1, 4, 3, 1, 3, 1, 4, 1, 4, 1, 2, 4, 3, 4, 1, 3, 3, 3, 3, 4, 4, 2, 2, 2, 1, 1, 1]

Side score avg percent = 0.297939125846
Across score avg percent = 0.242230622528
Side score percent breakdown = [0.4409448818897638, 0.3063063063063063, 0.28688524590163933, 0.308411214953271, 0.367816091954023, 0.38613861386138615, 0.2814814814814815, 0.3458646616541353, 0.27586206896551724, 0.29292929292929293, 0.3106060606060606, 0.26373626373626374, 0.2564102564102564, 0.2956521739130435, 0.21153846153846154, 0.4791666666666667, 0.5792563600782779, 0.36283185840707965, 0.3583690987124464, 0.31864406779661014, 0.2800829875518672, 0.3291139240506329, 0.18843683083511778, 0.24308300395256918, 0.35789473684210527, 0.3394495412844037, 0.16037735849056603, 0.24242424242424243, 0.4728682170542636, 0.297029702970297, 0.2616822429906542, 0.2878787878787879, 0.3392857142857143, 0.3275862068965517, 0.39344262295081966, 0.3333333333333333, 0.2268041237113402, 0.2413793103448276, 0.28, 0.3697478991596639, 0.3646833013435701, 0.3697813121272366, 0.23578947368421052, 0.24045801526717558, 0.40384615384615385, 0.2777777777777778, 0.31, 0.3357664233576642, 0.3548387096774194, 0.25862068965517243, 0.17, 0.3511450381679389, 0.3333333333333333, 0.3203125, 0.2545454545454545, 0.24107142857142858, 0.2222222222222222, 0.3685220729366603, 0.4277673545966229, 0.39644970414201186, 0.3574561403508772, 0.3028571428571429, 0.3883333333333333, 0.22466960352422907, 0.22247706422018348, 0.1880952380952381, 0.2292134831460674, 0.34615384615384615, 0.48333333333333334, 0.3577981651376147, 0.21641791044776118, 0.2641509433962264, 0.21678321678321677, 0.28346456692913385, 0.33043478260869563, 0.2761904761904762, 0.288, 0.27927927927927926, 0.19811320754716982, 0.376984126984127, 0.35815602836879434, 0.3251088534107402, 0.38461538461538464, 0.41232227488151657, 0.26973684210526316, 0.2216867469879518, 0.21169354838709678, 0.33820459290187893, 0.25121951219512195, 0.22935779816513763, 0.25471698113207547, 0.3106796116504854, 0.304, 0.3490566037735849, 0.3305785123966942, 0.17391304347826086, 0.19444444444444445, 0.4528, 0.33052631578947367, 0.35051546391752575, 0.3240901213171577, 0.26200873362445415, 0.4122137404580153, 0.44036697247706424, 0.2605042016806723, 0.38596491228070173, 0.3382352941176471, 0.1717171717171717, 0.3037037037037037, 0.33653846153846156, 0.1836734693877551, 0.23529411764705882, 0.4363256784968685, 0.3340857787810384, 0.22098214285714285, 0.15821501014198783, 0.2, 0.264, 0.2935222672064777, 0.14915254237288136, 0.376, 0.29411764705882354, 0.28846153846153844, 0.26804123711340205, 0.4166666666666667, 0.22641509433962265, 0.24060150375939848, 0.20967741935483872, 0.2571428571428571, 0.2248062015503876, 0.43333333333333335, 0.4109985528219971, 0.4197247706422018, 0.26883910386965376, 0.3605769230769231, 0.20192307692307693, 0.5116731517509727, 0.2562674094707521, 0.2459349593495935, 0.30043859649122806, 0.19457013574660634, 0.206, 0.24017467248908297, 0.375, 0.40540540540540543, 0.22857142857142856, 0.36607142857142855, 0.30612244897959184, 0.2558139534883721, 0.25, 0.3448275862068966, 0.27450980392156865, 0.23423423423423423, 0.3047619047619048, 0.3, 0.25961538461538464, 0.2037037037037037, 0.324853228962818, 0.37791932059447986, 0.4970414201183432, 0.334020618556701, 0.30798479087452474, 0.2880184331797235, 0.25826446280991733, 0.23095238095238096, 0.23413566739606126, 0.3394495412844037, 0.35185185185185186, 0.3465346534653465, 0.34951456310679613, 0.3269230769230769, 0.24761904761904763, 0.2846153846153846, 0.26744186046511625, 0.31932773109243695, 0.25925925925925924, 0.5200892857142857, 0.30673316708229426, 0.4, 0.43197278911564624, 0.18629550321199143, 0.2887323943661972, 0.19739696312364424, 0.291044776119403, 0.2916666666666667, 0.21311475409836064, 0.20361990950226244, 0.2169811320754717, 0.2647058823529412, 0.2808988764044944, 0.30303030303030304, 0.22641509433962265, 0.1782178217821782, 0.3488372093023256, 0.3235294117647059, 0.27102803738317754, 0.2647058823529412, 0.19642857142857142, 0.21212121212121213, 0.251063829787234, 0.3226452905811623, 0.27684563758389263, 0.41362916006339145, 0.24166666666666667, 0.324459234608985, 0.24740124740124741, 0.20217391304347826, 0.33553719008264465, 0.33035714285714285, 0.39805825242718446, 0.3238095238095238, 0.2765957446808511, 0.1958762886597938, 0.3148148148148148, 0.31521739130434784, 0.25742574257425743, 0.21818181818181817, 0.3305785123966942, 0.2828282828282828, 0.34285714285714286, 0.16326530612244897, 0.17525773195876287, 0.45518453427065025, 0.35097493036211697, 0.20916334661354583, 0.4562043795620438, 0.3346228239845261, 0.22572178477690288, 0.3121597096188748, 0.20562770562770563, 0.31058823529411766, 0.40472175379426645, 0.24833702882483372, 0.2721649484536082, 0.2762557077625571, 0.3359375, 0.21153846153846154, 0.3333333333333333, 0.2376237623762376, 0.23684210526315788, 0.20192307692307693, 0.23423423423423423, 0.42921348314606744, 0.5535307517084282, 0.25576923076923075, 0.2916030534351145, 0.21951219512195122, 0.26014760147601473, 0.2425531914893617, 0.20997920997921, 0.23017408123791103, 0.42990654205607476, 0.3181818181818182, 0.4, 0.32608695652173914, 0.24, 0.1836734693877551, 0.3591549295774648, 0.3333333333333333, 0.22413793103448276, 0.2376237623762376, 0.3445378151260504, 0.47232472324723246, 0.38799076212471134, 0.2823529411764706, 0.41139240506329117, 0.23210412147505424, 0.25277161862527714, 0.1906779661016949, 0.2918825561312608, 0.22, 0.26666666666666666, 0.21359223300970873, 0.3146067415730337, 0.17204301075268819, 0.3586206896551724, 0.248, 0.2169811320754717, 0.2698412698412698, 0.40794223826714804, 0.35578583765112265, 0.40161290322580645, 0.2288329519450801, 0.18143459915611815, 0.29914529914529914, 0.25552825552825553, 0.2374429223744292]
Across score percent breakdown = [0.23529411764705882, 0.1452991452991453, 0.27715355805243447, 0.21972318339100347, 0.1619217081850534, 0.24107142857142858, 0.23387096774193547, 0.14814814814814814, 0.2631578947368421, 0.2753623188405797, 0.21674876847290642, 0.2689295039164491, 0.4039334341906203, 0.21320754716981133, 0.33116883116883117, 0.21370967741935484, 0.16227180527383367, 0.19461697722567287, 0.2591304347826087, 0.24090121317157712, 0.20689655172413793, 0.21138211382113822, 0.23076923076923078, 0.36381709741550694, 0.4875, 0.2889733840304182, 0.1749502982107356, 0.22058823529411764, 0.30145530145530147, 0.1881720430107527, 0.2172211350293542, 0.216, 0.20869565217391303, 0.2777777777777778, 0.20192307692307693, 0.2, 0.23529411764705882, 0.42712842712842713, 0.189873417721519, 0.17928286852589642, 0.17073170731707318, 0.26515151515151514, 0.1640625, 0.15873015873015872, 0.2125984251968504, 0.32983193277310924, 0.3942857142857143, 0.20169851380042464, 0.26773049645390073, 0.18072289156626506, 0.2739463601532567, 0.27893738140417457, 0.10714285714285714, 0.4166666666666667, 0.19298245614035087, 0.29411764705882354, 0.21492007104795738, 0.3795180722891566, 0.33402922755741127, 0.21493624772313297, 0.1803921568627451, 0.22960151802656548, 0.1586998087954111, 0.4056603773584906, 0.22556390977443608, 0.21495327102803738, 0.2099236641221374, 0.3717421124828532, 0.2550091074681239, 0.2011173184357542, 0.23859649122807017, 0.23741007194244604, 0.21551724137931033, 0.17424242424242425, 0.16101694915254236, 0.21621621621621623, 0.2717948717948718, 0.453781512605042, 0.26666666666666666, 0.19789473684210526, 0.2410575427682737, 0.2518248175182482, 0.35714285714285715, 0.22137404580152673, 0.23853211009174313, 0.19047619047619047, 0.1552901023890785, 0.2033195020746888, 0.23510466988727857, 0.16635514018691588, 0.3333333333333333, 0.21910112359550563, 0.12698412698412698, 0.34285714285714286, 0.1640625, 0.26548672566371684, 0.25217391304347825, 0.13592233009708737, 0.2884990253411306, 0.40965732087227413, 0.4624277456647399, 0.18633540372670807, 0.18333333333333332, 0.27479338842975204, 0.32608695652173914, 0.2978723404255319, 0.3013698630136986, 0.1565217391304348, 0.15178571428571427, 0.21238938053097345, 0.25, 0.2702127659574468, 0.3248407643312102, 0.22980251346499103, 0.2, 0.24750830564784054, 0.16793893129770993, 0.16279069767441862, 0.1619718309859155, 0.16071428571428573, 0.21678321678321677, 0.23333333333333334, 0.2510822510822511, 0.23516483516483516, 0.33860759493670883, 0.22077922077922077, 0.22083333333333333, 0.26788990825688075, 0.15384615384615385, 0.33035714285714285, 0.12931034482758622, 0.2231404958677686, 0.13445378151260504, 0.228, 0.49022556390977445, 0.24324324324324326, 0.2759259259259259, 0.20047169811320756, 0.27827648114901254, 0.28102189781021897, 0.20454545454545456, 0.2830188679245283, 0.2868217054263566, 0.23308270676691728, 0.17699115044247787, 0.25471698113207547, 0.22456813819577734, 0.2309278350515464, 0.15717092337917485, 0.13089005235602094]
