Total side score = 631
Average side score = 2.76754385965
Side score breakdown = [4, 4, 1, 1, 2, 4, 4, 4, 4, 3, 3, 2, 3, 4, 4, 3, 1, 4, 1, 3, 1, 4, 2, 1, 4, 2, 4, 2, 4, 1, 2, 1, 3, 2, 4, 4, 4, 2, 1, 3, 4, 1, 1, 2, 1, 3, 1, 3, 2, 1, 2, 3, 1, 4, 1, 4, 4, 4, 1, 1, 1, 2, 2, 3, 1, 4, 2, 3, 3, 2, 4, 3, 3, 3, 4, 4, 1, 1, 2, 4, 1, 4, 4, 3, 1, 1, 1, 2, 4, 4, 4, 4, 4, 2, 4, 1, 4, 4, 4, 4, 4, 2, 1, 2, 4, 3, 3, 3, 4, 4, 3, 4, 4, 2, 4, 2, 1, 4, 4, 1, 4, 2, 3, 1, 4, 4, 3, 3, 1, 4, 4, 4, 1, 3, 3, 2, 2, 1, 3, 1, 4, 4, 4, 2, 3, 3, 3, 3, 1, 3, 4, 4, 2, 2, 3, 1, 2, 1, 4, 4, 1, 2, 3, 4, 4, 4, 4, 2, 1, 4, 2, 2, 1, 4, 4, 3, 2, 4, 4, 4, 4, 1, 1, 4, 3, 3, 3, 1, 4, 4, 2, 4, 4, 4, 2, 4, 4, 4, 1, 1, 3, 1, 2, 3, 3, 4, 2, 4, 4, 4, 4, 4, 2, 2, 3, 3, 4, 2, 4, 3, 2, 4, 4, 2, 1, 2, 2, 1]

Total across score = 0
Across score breakdown = []

Side score avg percent = 0.291215266364
Side score percent breakdown = [0.23529411764705882, 0.3584905660377358, 0.21978021978021978, 0.1452991452991453, 0.25287356321839083, 0.33613445378151263, 0.4861995753715499, 0.5324427480916031, 0.46654275092936803, 0.47674418604651164, 0.3076923076923077, 0.2801120448179272, 0.24107142857142858, 0.23387096774193547, 0.3069306930693069, 0.23275862068965517, 0.15053763440860216, 0.319672131147541, 0.14814814814814814, 0.2631578947368421, 0.21348314606741572, 0.2753623188405797, 0.21674876847290642, 0.2689295039164491, 0.5091911764705882, 0.210989010989011, 0.33116883116883117, 0.21370967741935484, 0.3774703557312253, 0.25722543352601157, 0.25526315789473686, 0.19591836734693877, 0.3182751540041068, 0.20689655172413793, 0.22981366459627328, 0.28431372549019607, 0.3953488372093023, 0.22340425531914893, 0.21875, 0.36381709741550694, 0.4875, 0.1749502982107356, 0.2538860103626943, 0.22682926829268293, 0.21615720524017468, 0.30118110236220474, 0.2, 0.216, 0.20869565217391303, 0.24096385542168675, 0.23232323232323232, 0.20192307692307693, 0.15833333333333333, 0.24778761061946902, 0.2, 0.24324324324324326, 0.5928338762214984, 0.4791288566243194, 0.1962809917355372, 0.17928286852589642, 0.19878296146044624, 0.2616632860040568, 0.17073170731707318, 0.21100917431192662, 0.20224719101123595, 0.3197278911564626, 0.2962962962962963, 0.2604166666666667, 0.26595744680851063, 0.19, 0.4247787610619469, 0.2125984251968504, 0.32983193277310924, 0.4329608938547486, 0.41535776614310643, 0.3794466403162055, 0.26541554959785524, 0.2315035799522673, 0.22469635627530365, 0.4166666666666667, 0.25757575757575757, 0.3851851851851852, 0.34615384615384615, 0.24793388429752067, 0.21505376344086022, 0.1553398058252427, 0.1485148514851485, 0.29411764705882354, 0.505859375, 0.5256410256410257, 0.4368029739776952, 0.33402922755741127, 0.34962406015037595, 0.27247191011235955, 0.3210633946830266, 0.26541554959785524, 0.4056603773584906, 0.344, 0.3541666666666667, 0.3951612903225806, 0.3013698630136986, 0.21495327102803738, 0.11458333333333333, 0.2099236641221374, 0.5991983967935872, 0.3661417322834646, 0.3342541436464088, 0.23859649122807017, 0.23741007194244604, 0.3968253968253968, 0.21551724137931033, 0.33121019108280253, 0.22131147540983606, 0.25961538461538464, 0.34710743801652894, 0.21621621621621623, 0.22, 0.27419354838709675, 0.43243243243243246, 0.23317307692307693, 0.3554083885209713, 0.2860576923076923, 0.2518248175182482, 0.19866071428571427, 0.43846153846153846, 0.32867132867132864, 0.24752475247524752, 0.23853211009174313, 0.18181818181818182, 0.4960159362549801, 0.41851106639839036, 0.4139344262295082, 0.16635514018691588, 0.25862068965517243, 0.30455635491606714, 0.25203252032520324, 0.21910112359550563, 0.12698412698412698, 0.2125984251968504, 0.21782178217821782, 0.2635135135135135, 0.26548672566371684, 0.25217391304347825, 0.27951807228915665, 0.3161290322580645, 0.27479338842975204, 0.3532608695652174, 0.2841121495327103, 0.25064599483204136, 0.2648648648648649, 0.2897196261682243, 0.33636363636363636, 0.1565217391304348, 0.20909090909090908, 0.26881720430107525, 0.15178571428571427, 0.21238938053097345, 0.19801980198019803, 0.38613861386138615, 0.328, 0.20238095238095238, 0.2702127659574468, 0.43316831683168316, 0.4701492537313433, 0.34539473684210525, 0.343205574912892, 0.3987603305785124, 0.3170731707317073, 0.15521064301552107, 0.35051546391752575, 0.1981981981981982, 0.27906976744186046, 0.16071428571428573, 0.4077669902912621, 0.23333333333333334, 0.21551724137931033, 0.2510822510822511, 0.43486238532110094, 0.48739495798319327, 0.42803030303030304, 0.3752244165170557, 0.18067226890756302, 0.2413793103448276, 0.34813084112149534, 0.26788990825688075, 0.2383612662942272, 0.2903225806451613, 0.15384615384615385, 0.39552238805970147, 0.42990654205607476, 0.25882352941176473, 0.2857142857142857, 0.375, 0.4098360655737705, 0.228, 0.6211764705882353, 0.35625, 0.3492647058823529, 0.2175925925925926, 0.19507186858316222, 0.2962962962962963, 0.2302158273381295, 0.2795031055900621, 0.20454545454545456, 0.2830188679245283, 0.3, 0.2268041237113402, 0.34782608695652173, 0.29245283018867924, 0.3353658536585366, 0.23308270676691728, 0.3219178082191781, 0.17699115044247787, 0.25471698113207547, 0.23529411764705882, 0.25742574257425743, 0.4742063492063492, 0.44666666666666666, 0.43227091633466136, 0.2929782082324455, 0.32463768115942027, 0.29668411867364747, 0.36016096579476864, 0.28354978354978355, 0.2141119221411192, 0.20930232558139536, 0.1949317738791423, 0.1862348178137652]
Across score percent breakdown = []
