Total side score = 816
Average side score = 2.83333333333
Side score breakdown = [4, 1, 3, 4, 4, 4, 4, 4, 4, 4, 4, 4, 4, 3, 3, 1, 1, 2, 2, 3, 4, 1, 3, 4, 3, 1, 4, 1, 4, 1, 3, 4, 4, 1, 1, 2, 3, 4, 3, 4, 4, 4, 4, 4, 4, 1, 4, 4, 4, 4, 1, 2, 1, 2, 1, 1, 3, 4, 1, 4, 4, 4, 4, 3, 3, 4, 1, 1, 3, 1, 1, 1, 1, 3, 2, 3, 3, 4, 1, 4, 4, 4, 3, 4, 4, 2, 4, 4, 1, 3, 3, 4, 2, 2, 1, 2, 1, 4, 1, 4, 4, 4, 1, 1, 4, 2, 1, 4, 2, 4, 1, 3, 2, 1, 3, 2, 2, 4, 4, 4, 4, 4, 4, 4, 4, 4, 4, 3, 4, 3, 1, 4, 4, 4, 3, 3, 1, 2, 1, 1, 4, 2, 4, 4, 3, 3, 1, 2, 1, 4, 4, 3, 2, 3, 3, 4, 4, 3, 3, 3, 3, 1, 2, 1, 4, 3, 4, 3, 4, 4, 1, 4, 4, 1, 4, 4, 3, 3, 3, 2, 2, 2, 1, 2, 3, 3, 4, 4, 1, 4, 4, 4, 1, 4, 4, 3, 2, 2, 4, 4, 1, 2, 1, 4, 3, 4, 4, 4, 4, 2, 2, 4, 1, 1, 4, 4, 1, 3, 3, 1, 4, 4, 1, 3, 4, 1, 1, 3, 3, 2, 2, 4, 2, 4, 4, 1, 3, 4, 2, 3, 1, 4, 3, 3, 1, 3, 2, 1, 4, 3, 4, 3, 1, 4, 3, 4, 4, 4, 1, 2, 1, 4, 1, 2, 3, 2, 4, 4, 4, 2, 4, 2, 4, 3, 3, 3, 2, 4, 4, 3, 4, 1, 4, 3, 2, 2, 2, 2]

Total across score = 363
Average across score = 3.74226804124
Across score breakdown = [4, 4, 3, 4, 4, 4, 4, 4, 3, 3, 3, 4, 4, 4, 4, 3, 4, 4, 3, 4, 4, 3, 3, 3, 4, 4, 4, 3, 4, 4, 3, 3, 4, 4, 4, 4, 4, 4, 4, 4, 3, 3, 3, 4, 4, 3, 3, 4, 4, 4, 4, 4, 4, 4, 4, 4, 4, 4, 4, 4, 4, 4, 4, 3, 4, 3, 3, 4, 3, 4, 4, 4, 4, 3, 4, 4, 4, 4, 4, 4, 4, 4, 4, 4, 4, 4, 4, 4, 4, 4, 3, 4, 4, 4, 3, 4, 3]

Side score avg percent = 0.27345541382
Across score avg percent = 0.359579963015
Side score percent breakdown = [0.23529411764705882, 0.21978021978021978, 0.28688524590163933, 0.308411214953271, 0.3, 0.3, 0.2814814814814815, 0.3333333333333333, 0.2857142857142857, 0.3050847457627119, 0.3548387096774194, 0.2956521739130435, 0.31864406779661014, 0.2613861386138614, 0.2800829875518672, 0.2236024844720497, 0.18843683083511778, 0.24308300395256918, 0.25051334702258726, 0.30616740088105726, 0.23387096774193547, 0.16037735849056603, 0.23275862068965517, 0.38562091503267976, 0.2542372881355932, 0.15053763440860216, 0.30597014925373134, 0.21348314606741572, 0.30097087378640774, 0.2689295039164491, 0.28, 0.3646833013435701, 0.28679245283018867, 0.16227180527383367, 0.19591836734693877, 0.23640167364016737, 0.2777777777777778, 0.31, 0.2786885245901639, 0.3125, 0.3548387096774194, 0.22981366459627328, 0.2920353982300885, 0.4028776978417266, 0.25961538461538464, 0.17, 0.3511450381679389, 0.3770491803278688, 0.24107142857142858, 0.3883333333333333, 0.20841683366733466, 0.22058823529411764, 0.22247706422018348, 0.2474437627811861, 0.2, 0.21174004192872117, 0.216, 0.3577981651376147, 0.24096385542168675, 0.21641791044776118, 0.40601503759398494, 0.21678321678321677, 0.3543307086614173, 0.30833333333333335, 0.20192307692307693, 0.288, 0.15833333333333333, 0.19811320754716982, 0.24314442413162707, 0.189873417721519, 0.21169354838709678, 0.22466960352422907, 0.23430962343096234, 0.27599243856332706, 0.17073170731707318, 0.25471698113207547, 0.21100917431192662, 0.3106796116504854, 0.20224719101123595, 0.3197278911564626, 0.461038961038961, 0.32, 0.2604166666666667, 0.3391304347826087, 0.36936936936936937, 0.19, 0.3305785123966942, 0.26495726495726496, 0.19444444444444445, 0.24752475247524752, 0.33052631578947367, 0.3299798792756539, 0.26200873362445415, 0.2338403041825095, 0.20956719817767655, 0.23255813953488372, 0.10714285714285714, 0.4122137404580153, 0.25757575757575757, 0.2605042016806723, 0.4226190476190476, 0.3357664233576642, 0.1717171717171717, 0.1553398058252427, 0.3037037037037037, 0.1836734693877551, 0.1485148514851485, 0.3157894736842105, 0.21492007104795738, 0.4363256784968685, 0.22098214285714285, 0.2813688212927757, 0.21493624772313297, 0.2, 0.264, 0.23529411764705882, 0.2219873150105708, 0.376, 0.344, 0.3951612903225806, 0.2926829268292683, 0.28846153846153844, 0.3013698630136986, 0.34959349593495936, 0.408, 0.34965034965034963, 0.24060150375939848, 0.20967741935483872, 0.3465346534653465, 0.2571428571428571, 0.11458333333333333, 0.4109985528219971, 0.5991983967935872, 0.4197247706422018, 0.26883910386965376, 0.3605769230769231, 0.20192307692307693, 0.2011173184357542, 0.206, 0.2231237322515213, 0.23741007194244604, 0.22857142857142856, 0.43558282208588955, 0.39344262295081966, 0.25, 0.2831858407079646, 0.16101694915254236, 0.25961538461538464, 0.22, 0.27419354838709675, 0.2962962962962963, 0.25961538461538464, 0.2037037037037037, 0.2982456140350877, 0.324853228962818, 0.4970414201183432, 0.334020618556701, 0.30798479087452474, 0.26666666666666666, 0.2880184331797235, 0.23653846153846153, 0.23095238095238096, 0.24259259259259258, 0.2063157894736842, 0.35185185185185186, 0.211864406779661, 0.3208955223880597, 0.24761904761904763, 0.2846153846153846, 0.3559322033898305, 0.18181818181818182, 0.2571428571428571, 0.33663366336633666, 0.1552901023890785, 0.4, 0.43197278911564624, 0.25549915397631134, 0.25862068965517243, 0.291044776119403, 0.20361990950226244, 0.23975409836065573, 0.23284823284823286, 0.12698412698412698, 0.2169811320754717, 0.2647058823529412, 0.2125984251968504, 0.36885245901639346, 0.256198347107438, 0.21782178217821782, 0.2635135135135135, 0.3333333333333333, 0.26548672566371684, 0.1782178217821782, 0.3488372093023256, 0.2767857142857143, 0.2647058823529412, 0.19642857142857142, 0.251063829787234, 0.3226452905811623, 0.41362916006339145, 0.18633540372670807, 0.24740124740124741, 0.20217391304347826, 0.33553719008264465, 0.2648648648648649, 0.2978723404255319, 0.33035714285714285, 0.2897196261682243, 0.4084507042253521, 0.1958762886597938, 0.20909090909090908, 0.3125, 0.15178571428571427, 0.19801980198019803, 0.3305785123966942, 0.3017241379310345, 0.16326530612244897, 0.24, 0.25892857142857145, 0.20916334661354583, 0.4562043795620438, 0.3121597096188748, 0.2194616977225673, 0.22980251346499103, 0.40472175379426645, 0.18683651804670912, 0.2311111111111111, 0.26552462526766596, 0.2929061784897025, 0.16793893129770993, 0.1981981981981982, 0.3359375, 0.21153846153846154, 0.34615384615384615, 0.25806451612903225, 0.16071428571428573, 0.2376237623762376, 0.31092436974789917, 0.20192307692307693, 0.21551724137931033, 0.23516483516483516, 0.5535307517084282, 0.22077922077922077, 0.26014760147601473, 0.20997920997921, 0.25052192066805845, 0.24795081967213115, 0.15384615384615385, 0.43333333333333335, 0.2833333333333333, 0.4551282051282051, 0.2523364485981308, 0.13445378151260504, 0.3591549295774648, 0.2972972972972973, 0.47232472324723246, 0.41139240506329117, 0.2759259259259259, 0.19507186858316222, 0.25277161862527714, 0.1906779661016949, 0.2918825561312608, 0.2088607594936709, 0.22008547008547008, 0.20454545454545456, 0.2268041237113402, 0.29245283018867924, 0.3353658536585366, 0.27586206896551724, 0.21359223300970873, 0.36231884057971014, 0.17699115044247787, 0.3586206896551724, 0.23529411764705882, 0.35344827586206895, 0.28, 0.2169811320754717, 0.40794223826714804, 0.35578583765112265, 0.2929782082324455, 0.40161290322580645, 0.15717092337917485, 0.29668411867364747, 0.29914529914529914, 0.2374429223744292, 0.20930232558139536, 0.26851851851851855, 0.23705179282868527]
Across score percent breakdown = [0.4409448818897638, 0.33613445378151263, 0.29508196721311475, 0.4861995753715499, 0.4791666666666667, 0.44490644490644493, 0.29182156133828996, 0.37945492662473795, 0.47674418604651164, 0.2504708097928437, 0.35789473684210527, 0.3394495412844037, 0.29365079365079366, 0.3774703557312253, 0.36088709677419356, 0.28429423459244535, 0.40384615384615385, 0.3685220729366603, 0.300796812749004, 0.34615384615384615, 0.33043478260869563, 0.2854368932038835, 0.27510917030567683, 0.23495145631067962, 0.36666666666666664, 0.3490566037735849, 0.4247787610619469, 0.26785714285714285, 0.40326340326340326, 0.3794466403162055, 0.2718253968253968, 0.2710843373493976, 0.3851851851851852, 0.3541666666666667, 0.4, 0.505859375, 0.337890625, 0.41325536062378165, 0.34962406015037595, 0.3210633946830266, 0.29175946547884185, 0.26371308016877637, 0.2616822429906542, 0.43333333333333335, 0.2517361111111111, 0.21913043478260869, 0.2835249042145594, 0.375, 0.40540540540540543, 0.3968253968253968, 0.33121019108280253, 0.34710743801652894, 0.5157232704402516, 0.4603448275862069, 0.4326710816777042, 0.3554083885209713, 0.3394495412844037, 0.43846153846153846, 0.32867132867132864, 0.30357142857142855, 0.4960159362549801, 0.5200892857142857, 0.3232931726907631, 0.30455635491606714, 0.4152892561983471, 0.291497975708502, 0.3161290322580645, 0.3333333333333333, 0.286, 0.38, 0.328, 0.2518518518518518, 0.45518453427065025, 0.43316831683168316, 0.3313953488372093, 0.35051546391752575, 0.3333333333333333, 0.4077669902912621, 0.43486238532110094, 0.34813084112149534, 0.39325842696629215, 0.42990654205607476, 0.39552238805970147, 0.3435114503816794, 0.3611111111111111, 0.41568627450980394, 0.4004149377593361, 0.3492647058823529, 0.3434343434343434, 0.31837606837606836, 0.32653061224489793, 0.3219178082191781, 0.4742063492063492, 0.473568281938326, 0.359375, 0.31236897274633124, 0.24481327800829875]
