Total side score = 410
Average side score = 3.08270676692
Side score breakdown = [4, 4, 4, 4, 2, 4, 1, 4, 3, 3, 4, 4, 2, 2, 3, 2, 3, 3, 4, 4, 4, 4, 1, 2, 2, 1, 4, 1, 3, 1, 1, 2, 4, 4, 4, 1, 4, 4, 1, 3, 3, 4, 4, 3, 4, 4, 3, 4, 4, 3, 3, 3, 4, 4, 3, 4, 4, 3, 1, 3, 4, 4, 2, 4, 4, 3, 3, 1, 4, 4, 3, 4, 4, 4, 1, 4, 3, 4, 3, 4, 4, 4, 2, 4, 3, 3, 4, 2, 4, 4, 4, 4, 4, 1, 4, 4, 4, 3, 1, 1, 3, 2, 4, 3, 4, 4, 2, 4, 1, 3, 4, 3, 2, 1, 4, 3, 4, 4, 3, 3, 4, 1, 2, 4, 4, 3, 3, 1, 4, 1, 4, 3, 1]

Total across score = 657
Average across score = 3.09905660377
Across score breakdown = [4, 3, 4, 4, 4, 2, 3, 4, 3, 3, 2, 3, 4, 3, 2, 1, 3, 3, 4, 4, 4, 4, 3, 4, 2, 1, 2, 2, 4, 4, 4, 4, 4, 4, 4, 4, 4, 1, 2, 1, 3, 1, 3, 4, 3, 3, 4, 1, 4, 4, 4, 1, 4, 3, 2, 1, 3, 3, 4, 1, 4, 2, 4, 3, 4, 1, 4, 3, 4, 4, 1, 2, 2, 1, 2, 4, 4, 4, 4, 4, 4, 4, 4, 4, 4, 3, 1, 3, 3, 2, 4, 4, 4, 4, 4, 4, 3, 3, 3, 3, 4, 1, 4, 3, 2, 3, 4, 3, 1, 4, 3, 4, 4, 4, 3, 4, 2, 3, 3, 1, 2, 4, 4, 4, 4, 4, 4, 3, 4, 4, 2, 3, 3, 2, 3, 3, 4, 4, 3, 2, 4, 3, 4, 3, 2, 3, 3, 2, 2, 4, 4, 4, 2, 4, 3, 4, 1, 3, 3, 1, 4, 1, 4, 4, 2, 3, 3, 2, 4, 2, 4, 3, 4, 4, 4, 2, 4, 1, 3, 2, 1, 4, 4, 4, 2, 3, 4, 4, 4, 3, 4, 3, 3, 2, 3, 2, 4, 4, 4, 4, 4, 3, 3, 4, 4, 4, 4, 1, 2, 2, 2, 3]

Side score avg percent = 0.289109315693
Across score avg percent = 0.303841406641
Side score percent breakdown = [0.3, 0.3, 0.33613445378151263, 0.3548387096774194, 0.21972318339100347, 0.29182156133828996, 0.2236024844720497, 0.38562091503267976, 0.2542372881355932, 0.2616822429906542, 0.2753623188405797, 0.30097087378640774, 0.21320754716981133, 0.210989010989011, 0.2591304347826087, 0.24045801526717558, 0.21138211382113822, 0.2786885245901639, 0.3125, 0.3953488372093023, 0.3770491803278688, 0.2889733840304182, 0.22466960352422907, 0.1881720430107527, 0.2474437627811861, 0.21615720524017468, 0.40601503759398494, 0.1962809917355372, 0.27510917030567683, 0.22466960352422907, 0.19878296146044624, 0.22935779816513763, 0.461038961038961, 0.32, 0.304, 0.15873015873015872, 0.4247787610619469, 0.26495726495726496, 0.20169851380042464, 0.2739463601532567, 0.2718253968253968, 0.3851851851851852, 0.4226190476190476, 0.24793388429752067, 0.3382352941176471, 0.4, 0.23529411764705882, 0.3795180722891566, 0.41325536062378165, 0.22960151802656548, 0.29175946547884185, 0.2935222672064777, 0.14915254237288136, 0.2926829268292683, 0.26804123711340205, 0.4166666666666667, 0.3465346534653465, 0.21913043478260869, 0.24017467248908297, 0.21551724137931033, 0.43558282208588955, 0.39344262295081966, 0.21621621621621623, 0.2962962962962963, 0.4603448275862069, 0.2410575427682737, 0.23653846153846153, 0.23413566739606126, 0.22137404580152673, 0.32867132867132864, 0.211864406779661, 0.3269230769230769, 0.30357142857142855, 0.3559322033898305, 0.2033195020746888, 0.3232931726907631, 0.25549915397631134, 0.3333333333333333, 0.2916666666666667, 0.36885245901639346, 0.256198347107438, 0.2767857142857143, 0.21212121212121213, 0.4624277456647399, 0.291497975708502, 0.27479338842975204, 0.3333333333333333, 0.2309278350515464, 0.4084507042253521, 0.33636363636363636, 0.31521739130434784, 0.328, 0.3017241379310345, 0.17525773195876287, 0.3248407643312102, 0.3313953488372093, 0.34539473684210525, 0.24750830564784054, 0.18683651804670912, 0.2311111111111111, 0.2762557077625571, 0.16279069767441862, 0.34615384615384615, 0.21678321678321677, 0.4077669902912621, 0.31092436974789917, 0.23423423423423423, 0.33860759493670883, 0.18067226890756302, 0.26788990825688075, 0.39325842696629215, 0.2383612662942272, 0.23017408123791103, 0.12931034482758622, 0.43333333333333335, 0.2833333333333333, 0.32608695652173914, 0.3611111111111111, 0.24324324324324326, 0.27827648114901254, 0.31837606837606836, 0.2302158273381295, 0.22, 0.2868217054263566, 0.27586206896551724, 0.35344827586206895, 0.28, 0.2309278350515464, 0.473568281938326, 0.2288329519450801, 0.31236897274633124, 0.3240343347639485, 0.1862348178137652]
Across score percent breakdown = [0.308411214953271, 0.367816091954023, 0.3050847457627119, 0.26490066225165565, 0.3106060606060606, 0.26373626373626374, 0.2564102564102564, 0.46654275092936803, 0.36283185840707965, 0.2613861386138614, 0.2801120448179272, 0.2800829875518672, 0.33794466403162055, 0.30616740088105726, 0.22465208747514911, 0.16037735849056603, 0.23275862068965517, 0.24242424242424243, 0.30597014925373134, 0.3392857142857143, 0.3275862068965517, 0.5091911764705882, 0.28, 0.28679245283018867, 0.25526315789473686, 0.19591836734693877, 0.23640167364016737, 0.27313769751693, 0.31, 0.3357664233576642, 0.4028776978417266, 0.25961538461538464, 0.3492063492063492, 0.3333333333333333, 0.3203125, 0.34579439252336447, 0.39644970414201186, 0.20841683366733466, 0.22682926829268293, 0.22247706422018348, 0.2707509881422925, 0.21174004192872117, 0.2620545073375262, 0.21641791044776118, 0.2641509433962264, 0.30833333333333335, 0.27927927927927926, 0.15833333333333333, 0.24778761061946902, 0.376984126984127, 0.4791288566243194, 0.35815602836879434, 0.3251088534107402, 0.24314442413162707, 0.21063829787234042, 0.21169354838709678, 0.27599243856332706, 0.2847682119205298, 0.3106796116504854, 0.20224719101123595, 0.3197278911564626, 0.2962962962962963, 0.36936936936936937, 0.2013888888888889, 0.3305785123966942, 0.17391304347826086, 0.41535776614310643, 0.33052631578947367, 0.3064516129032258, 0.3299798792756539, 0.2315035799522673, 0.26200873362445415, 0.23255813953488372, 0.1970954356846473, 0.2743764172335601, 0.44036697247706424, 0.2605042016806723, 0.38596491228070173, 0.34615384615384615, 0.4316546762589928, 0.33653846153846156, 0.3157894736842105, 0.4368029739776952, 0.4363256784968685, 0.32341269841269843, 0.2813688212927757, 0.2, 0.264, 0.2707509881422925, 0.2219873150105708, 0.3541666666666667, 0.3951612903225806, 0.29411764705882354, 0.408, 0.34965034965034963, 0.2540983606557377, 0.20967741935483872, 0.26883910386965376, 0.3605769230769231, 0.3342541436464088, 0.30833333333333335, 0.225, 0.36607142857142855, 0.30612244897959184, 0.2558139534883721, 0.2831858407079646, 0.2028985507246377, 0.3047619047619048, 0.22, 0.27419354838709675, 0.2982456140350877, 0.37791932059447986, 0.43243243243243246, 0.4970414201183432, 0.38253638253638256, 0.33264462809917356, 0.2860576923076923, 0.2880184331797235, 0.3135245901639344, 0.2063157894736842, 0.2701525054466231, 0.3465346534653465, 0.37593984962406013, 0.29523809523809524, 0.2846153846153846, 0.33663366336633666, 0.41851106639839036, 0.30673316708229426, 0.4, 0.3468208092485549, 0.25203252032520324, 0.291044776119403, 0.2607003891050584, 0.23284823284823286, 0.2647058823529412, 0.2125984251968504, 0.3235294117647059, 0.27102803738317754, 0.3, 0.251063829787234, 0.3226452905811623, 0.27684563758389263, 0.324459234608985, 0.3532608695652174, 0.24740124740124741, 0.2648648648648649, 0.2964509394572025, 0.22958057395143489, 0.2542016806722689, 0.39805825242718446, 0.3238095238095238, 0.2897196261682243, 0.2765957446808511, 0.38613861386138615, 0.2828282828282828, 0.34285714285714286, 0.20238095238095238, 0.24, 0.25892857142857145, 0.20916334661354583, 0.4562043795620438, 0.2194616977225673, 0.3987603305785124, 0.40472175379426645, 0.3170731707317073, 0.31237322515212984, 0.2929061784897025, 0.2452431289640592, 0.3359375, 0.21153846153846154, 0.25806451612903225, 0.23684210526315788, 0.42803030303030304, 0.42921348314606744, 0.5535307517084282, 0.25576923076923075, 0.34120171673819744, 0.21951219512195122, 0.26014760147601473, 0.24795081967213115, 0.2585812356979405, 0.42990654205607476, 0.3181818181818182, 0.4, 0.25882352941176473, 0.2523364485981308, 0.25688073394495414, 0.3333333333333333, 0.35625, 0.3445378151260504, 0.47232472324723246, 0.26875, 0.2962962962962963, 0.25277161862527714, 0.26744186046511625, 0.22008547008547008, 0.34782608695652173, 0.29245283018867924, 0.3353658536585366, 0.28225806451612906, 0.3586206896551724, 0.23529411764705882, 0.248, 0.43227091633466136, 0.40794223826714804, 0.5222222222222223, 0.36016096579476864, 0.25552825552825553, 0.2374429223744292, 0.28354978354978355, 0.23705179282868527, 0.2838137472283814]
