Total side score = 836
Average side score = 3.39837398374
Side score breakdown = [4, 4, 2, 4, 4, 3, 2, 4, 4, 4, 3, 2, 4, 4, 4, 4, 3, 4, 4, 4, 4, 2, 3, 4, 4, 3, 3, 3, 4, 4, 2, 4, 1, 3, 4, 3, 4, 4, 3, 4, 4, 4, 2, 4, 4, 1, 4, 2, 4, 4, 4, 4, 4, 4, 1, 4, 3, 3, 4, 4, 4, 4, 4, 4, 4, 4, 4, 4, 4, 3, 3, 3, 3, 4, 3, 4, 4, 4, 4, 4, 3, 4, 4, 2, 4, 3, 4, 4, 3, 1, 4, 3, 3, 4, 4, 4, 4, 4, 4, 4, 2, 4, 4, 3, 4, 1, 3, 4, 1, 4, 3, 4, 4, 4, 4, 4, 4, 3, 3, 2, 4, 2, 1, 2, 4, 4, 4, 4, 4, 4, 4, 4, 2, 4, 4, 2, 3, 4, 4, 4, 3, 4, 1, 3, 4, 4, 4, 4, 4, 1, 3, 4, 4, 4, 4, 3, 4, 4, 1, 1, 3, 4, 4, 4, 4, 4, 3, 3, 4, 4, 4, 2, 4, 4, 3, 1, 4, 4, 4, 3, 4, 4, 2, 3, 4, 3, 3, 4, 4, 3, 4, 4, 4, 1, 4, 3, 1, 4, 4, 4, 4, 2, 4, 1, 4, 4, 4, 4, 3, 4, 2, 3, 2, 4, 4, 4, 4, 4, 2, 4, 2, 4, 4, 4, 4, 4, 4, 3, 3, 3, 4, 1, 4, 2, 3, 3, 4, 3, 3, 4, 1, 3, 4, 4, 3, 4]

Total across score = 569
Average across score = 3.71895424837
Across score breakdown = [4, 4, 2, 4, 4, 4, 4, 4, 4, 4, 4, 4, 3, 2, 2, 4, 4, 4, 4, 3, 4, 4, 4, 4, 4, 3, 4, 4, 4, 4, 4, 4, 4, 4, 4, 4, 4, 3, 4, 4, 4, 2, 4, 4, 4, 4, 4, 4, 4, 4, 4, 2, 4, 3, 4, 3, 3, 4, 2, 4, 4, 4, 3, 4, 4, 4, 4, 4, 4, 4, 4, 4, 4, 4, 3, 2, 3, 4, 4, 4, 4, 4, 4, 4, 4, 4, 2, 4, 4, 4, 3, 4, 4, 1, 2, 4, 4, 4, 4, 4, 4, 4, 4, 4, 4, 4, 4, 4, 4, 4, 4, 4, 4, 4, 4, 3, 4, 4, 4, 3, 4, 3, 4, 4, 4, 1, 4, 4, 4, 4, 4, 4, 4, 4, 4, 4, 1, 4, 4, 4, 4, 4, 4, 4, 4, 4, 4, 4, 4, 3, 4, 3, 4]

Side score avg percent = 0.363248865902
Across score avg percent = 0.40394676441
Side score percent breakdown = [0.3902439024390244, 0.5357142857142857, 0.17796610169491525, 0.3867924528301887, 0.4566929133858268, 0.2376237623762376, 0.21666666666666667, 0.4158415841584158, 0.5299145299145299, 0.38392857142857145, 0.24489795918367346, 0.31151832460732987, 0.6217303822937625, 0.514018691588785, 0.37155963302752293, 0.5528255528255528, 0.29933481152993346, 0.48709122203098104, 0.40501043841336115, 0.4720357941834452, 0.3798449612403101, 0.18269230769230768, 0.2288135593220339, 0.42962962962962964, 0.46601941747572817, 0.25252525252525254, 0.26666666666666666, 0.25, 0.32038834951456313, 0.5357142857142857, 0.2276595744680851, 0.44537815126050423, 0.2165991902834008, 0.33537832310838445, 0.4409448818897638, 0.3076923076923077, 0.41836734693877553, 0.3106796116504854, 0.27884615384615385, 0.4358974358974359, 0.5612244897959183, 0.5596330275229358, 0.2204724409448819, 0.38392857142857145, 0.25225225225225223, 0.17142857142857143, 0.4331065759637188, 0.18181818181818182, 0.5456852791878173, 0.42065491183879095, 0.2982456140350877, 0.33178654292343385, 0.3730964467005076, 0.5165692007797271, 0.21804511278195488, 0.5752212389380531, 0.23853211009174313, 0.3162393162393162, 0.4574468085106383, 0.5126050420168067, 0.3269230769230769, 0.4215686274509804, 0.34303534303534305, 0.39732142857142855, 0.5535714285714286, 0.41866028708133973, 0.2768595041322314, 0.32387706855791965, 0.31291028446389496, 0.34913793103448276, 0.23140495867768596, 0.28846153846153844, 0.2818181818181818, 0.35964912280701755, 0.32166301969365424, 0.39090909090909093, 0.3898635477582846, 0.37555555555555553, 0.29464285714285715, 0.42142857142857143, 0.34962406015037595, 0.3307543520309478, 0.4288939051918736, 0.2863849765258216, 0.46596858638743455, 0.2532347504621072, 0.5981308411214953, 0.54, 0.27450980392156865, 0.19469026548672566, 0.3391304347826087, 0.36363636363636365, 0.29347826086956524, 0.35454545454545455, 0.42378048780487804, 0.38476190476190475, 0.4815533980582524, 0.47149122807017546, 0.3132780082987552, 0.37310195227765725, 0.24375, 0.34710743801652894, 0.46153846153846156, 0.26262626262626265, 0.3486238532110092, 0.15789473684210525, 0.2571428571428571, 0.37735849056603776, 0.17647058823529413, 0.40350877192982454, 0.2831858407079646, 0.3360655737704918, 0.5575396825396826, 0.5382882882882883, 0.3609341825902335, 0.3668032786885246, 0.41914893617021276, 0.12350597609561753, 0.24742268041237114, 0.17796610169491525, 0.42016806722689076, 0.2222222222222222, 0.19298245614035087, 0.21238938053097345, 0.36363636363636365, 0.3522267206477733, 0.4335511982570806, 0.3310344827586207, 0.4790697674418605, 0.41025641025641024, 0.5319693094629157, 0.2619047619047619, 0.22413793103448276, 0.43243243243243246, 0.5483870967741935, 0.24770642201834864, 0.25, 0.5576923076923077, 0.6545454545454545, 0.39622641509433965, 0.27884615384615385, 0.3173076923076923, 0.21495327102803738, 0.3979591836734694, 0.34575569358178054, 0.35789473684210527, 0.35908141962421714, 0.37763713080168776, 0.45643153526970953, 0.20958083832335328, 0.3229571984435798, 0.3, 0.2727272727272727, 0.38461538461538464, 0.4146341463414634, 0.2767857142857143, 0.44274809160305345, 0.47572815533980584, 0.16964285714285715, 0.18867924528301888, 0.415929203539823, 0.3048245614035088, 0.3597285067873303, 0.39641434262948205, 0.34303534303534305, 0.45571955719557194, 0.35908141962421714, 0.3471615720524017, 0.33636363636363636, 0.40186915887850466, 0.3627450980392157, 0.22018348623853212, 0.3888888888888889, 0.48148148148148145, 0.32432432432432434, 0.17307692307692307, 0.3364485981308411, 0.391304347826087, 0.6575052854122622, 0.26305220883534136, 0.49746192893401014, 0.5203094777562862, 0.3231850117096019, 0.37701149425287356, 0.2627599243856333, 0.25210084033613445, 0.31683168316831684, 0.37383177570093457, 0.5217391304347826, 0.36792452830188677, 0.39814814814814814, 0.5555555555555556, 0.46938775510204084, 0.12389380530973451, 0.3565217391304348, 0.24545454545454545, 0.18584070796460178, 0.8037190082644629, 0.38425925925925924, 0.42630385487528344, 0.44834307992202727, 0.3518930957683742, 0.3953488372093023, 0.2751842751842752, 0.3886861313868613, 0.328125, 0.4084507042253521, 0.25846702317290554, 0.29896907216494845, 0.3813559322033898, 0.24545454545454545, 0.2903225806451613, 0.20634920634920634, 0.5252525252525253, 0.43137254901960786, 0.48, 0.4095238095238095, 0.42990654205607476, 0.21818181818181817, 0.3550420168067227, 0.18327402135231316, 0.382051282051282, 0.6189427312775331, 0.37731958762886597, 0.544, 0.392, 0.5044722719141324, 0.29767441860465116, 0.272, 0.3025210084033613, 0.5526315789473685, 0.1271186440677966, 0.39814814814814814, 0.24528301886792453, 0.32727272727272727, 0.36283185840707965, 0.48863636363636365, 0.29914529914529914, 0.31932773109243695, 0.45161290322580644, 0.12389380530973451, 0.42395437262357416, 0.48484848484848486, 0.479020979020979, 0.3355855855855856, 0.41531322505800466]
Across score percent breakdown = [0.5625, 0.5806451612903226, 0.18487394957983194, 0.382830626450116, 0.5253164556962026, 0.37104072398190047, 0.3497942386831276, 0.44554455445544555, 0.37751004016064255, 0.4215686274509804, 0.36538461538461536, 0.45794392523364486, 0.22549019607843138, 0.18181818181818182, 0.2169811320754717, 0.3697674418604651, 0.33814432989690724, 0.5452196382428941, 0.5206073752711496, 0.3326226012793177, 0.6732394366197183, 0.41914893617021276, 0.37938144329896906, 0.37601626016260165, 0.5274725274725275, 0.28, 0.4722222222222222, 0.39285714285714285, 0.46153846153846156, 0.5287356321839081, 0.37117903930131, 0.4643734643734644, 0.48484848484848486, 0.4087301587301587, 0.4211822660098522, 0.40186915887850466, 0.5204081632653061, 0.2545454545454545, 0.4322033898305085, 0.47580645161290325, 0.36363636363636365, 0.22549019607843138, 0.3955056179775281, 0.5393700787401575, 0.33191489361702126, 0.5445783132530121, 0.555793991416309, 0.38826185101580135, 0.35398230088495575, 0.6574074074074074, 0.5327102803738317, 0.21782178217821782, 0.42326732673267325, 0.3813953488372093, 0.3320610687022901, 0.28110599078341014, 0.2838983050847458, 0.403921568627451, 0.2504930966469428, 0.46078431372549017, 0.5245901639344263, 0.5625, 0.2975206611570248, 0.5567010309278351, 0.3879310344827586, 0.34763948497854075, 0.4182242990654206, 0.4832347140039448, 0.4178794178794179, 0.45374449339207046, 0.3306288032454361, 0.43015521064301554, 0.3851508120649652, 0.3075313807531381, 0.2605042016806723, 0.3076923076923077, 0.25, 0.3832199546485261, 0.5075593952483801, 0.43352601156069365, 0.44493392070484583, 0.37962962962962965, 0.4811320754716981, 0.5, 0.4326923076923077, 0.45918367346938777, 0.22935779816513763, 0.40037243947858475, 0.34120171673819744, 0.5965346534653465, 0.4889975550122249, 0.35845213849287166, 0.37636761487964987, 0.1652892561983471, 0.2222222222222222, 0.45045045045045046, 0.3611111111111111, 0.39805825242718446, 0.5141700404858299, 0.4577259475218659, 0.48578811369509045, 0.36929460580912865, 0.3583138173302108, 0.321285140562249, 0.43103448275862066, 0.46218487394957986, 0.3592233009708738, 0.3088235294117647, 0.4392156862745098, 0.4139433551198257, 0.2701612903225806, 0.4528301886792453, 0.384, 0.5384615384615384, 0.39814814814814814, 0.25742574257425743, 0.4416243654822335, 0.5070707070707071, 0.5227765726681128, 0.4396984924623116, 0.5819477434679335, 0.41379310344827586, 0.3854389721627409, 0.37527593818984545, 0.37425742574257426, 0.18181818181818182, 0.49074074074074076, 0.48148148148148145, 0.48484848484848486, 0.3903061224489796, 0.4394904458598726, 0.3632075471698113, 0.40625, 0.49266247379454925, 0.33613445378151263, 0.3739130434782609, 0.12871287128712872, 0.4028169014084507, 0.4779735682819383, 0.43276283618581907, 0.42016806722689076, 0.5046728971962616, 0.475, 0.3584905660377358, 0.3669724770642202, 0.37735849056603776, 0.36989247311827955, 0.42206235011990406, 0.3619631901840491, 0.29782082324455206, 0.39186295503211993, 0.37585421412300685, 0.378021978021978]
