Total side score = 728
Average side score = 3.40186915888
Side score breakdown = [4, 4, 1, 3, 2, 4, 2, 4, 3, 3, 4, 4, 4, 2, 4, 4, 3, 3, 2, 4, 2, 4, 3, 4, 3, 4, 4, 4, 4, 3, 3, 4, 4, 4, 4, 2, 3, 4, 4, 4, 4, 4, 4, 1, 4, 2, 3, 4, 3, 3, 2, 3, 3, 3, 3, 4, 4, 3, 4, 4, 4, 4, 4, 4, 4, 4, 1, 4, 4, 3, 4, 3, 3, 4, 3, 3, 4, 2, 4, 4, 4, 4, 3, 3, 4, 4, 3, 4, 4, 4, 4, 4, 4, 4, 3, 3, 3, 3, 3, 4, 1, 4, 2, 4, 3, 4, 4, 3, 4, 4, 4, 3, 3, 4, 3, 4, 3, 4, 1, 4, 3, 2, 4, 1, 4, 4, 4, 4, 2, 4, 2, 1, 3, 3, 4, 4, 4, 4, 3, 3, 4, 2, 4, 4, 4, 4, 4, 4, 3, 4, 4, 4, 3, 4, 4, 4, 4, 1, 4, 3, 3, 2, 4, 4, 4, 3, 3, 4, 4, 3, 4, 4, 1, 4, 4, 4, 4, 1, 1, 3, 4, 4, 4, 4, 3, 4, 2, 3, 4, 4, 4, 1, 4, 3, 4, 4, 4, 3, 4, 3, 4, 3, 3, 4, 3, 3, 4, 4, 4, 4, 4, 4, 3, 4]

Total across score = 390
Average across score = 3.39130434783
Across score breakdown = [2, 2, 4, 1, 4, 4, 4, 4, 4, 2, 2, 4, 4, 4, 4, 4, 3, 3, 4, 4, 4, 4, 3, 3, 3, 4, 3, 4, 4, 4, 4, 3, 4, 2, 4, 4, 3, 4, 4, 4, 4, 3, 4, 4, 4, 1, 2, 4, 4, 2, 3, 4, 3, 4, 3, 4, 2, 4, 4, 4, 4, 4, 4, 4, 2, 4, 4, 3, 4, 4, 4, 4, 4, 4, 1, 4, 3, 4, 3, 1, 4, 4, 2, 4, 4, 4, 4, 3, 4, 2, 4, 4, 3, 2, 3, 4, 4, 2, 2, 3, 1, 1, 2, 4, 4, 4, 4, 3, 2, 4, 4, 4, 4, 4, 4]

Side score avg percent = 0.363246790749
Across score avg percent = 0.367557834149
Side score percent breakdown = [0.3902439024390244, 0.4639175257731959, 0.205607476635514, 0.2376237623762376, 0.21666666666666667, 0.38392857142857145, 0.18487394957983194, 0.37104072398190047, 0.37254901960784315, 0.29933481152993346, 0.48709122203098104, 0.5022321428571429, 0.4720357941834452, 0.28662420382165604, 0.28775510204081634, 0.36538461538461536, 0.2288135593220339, 0.22549019607843138, 0.18181818181818182, 0.5630252100840336, 0.2169811320754717, 0.32323232323232326, 0.2721774193548387, 0.44537815126050423, 0.3409090909090909, 0.3613861386138614, 0.3893617021276596, 0.41914893617021276, 0.4634146341463415, 0.28, 0.27884615384615385, 0.45045045045045046, 0.6422018348623854, 0.39622641509433965, 0.3939393939393939, 0.21153846153846154, 0.4116222760290557, 0.4331065759637188, 0.3471882640586797, 0.6610878661087866, 0.4511627906976744, 0.639344262295082, 0.5165692007797271, 0.21804511278195488, 0.48484848484848486, 0.3133047210300429, 0.3282275711159737, 0.4222689075630252, 0.25984251968503935, 0.3047619047619048, 0.1794871794871795, 0.2545454545454545, 0.2523364485981308, 0.28703703703703703, 0.27927927927927926, 0.5126050420168067, 0.30357142857142855, 0.41878172588832485, 0.318, 0.5291750503018109, 0.4613526570048309, 0.41866028708133973, 0.5170940170940171, 0.31291028446389496, 0.3333333333333333, 0.5596330275229358, 0.145985401459854, 0.36036036036036034, 0.6574074074074074, 0.23140495867768596, 0.3838383838383838, 0.3160493827160494, 0.32166301969365424, 0.42326732673267325, 0.28110599078341014, 0.2838983050847458, 0.403921568627451, 0.2504930966469428, 0.5607476635514018, 0.5265392781316348, 0.32976827094474154, 0.03614457831325301, 0.2980769230769231, 0.36363636363636365, 0.330188679245283, 0.5413533834586466, 0.3947990543735225, 0.5201698513800425, 0.42378048780487804, 0.45374449339207046, 0.41115702479338845, 0.3306288032454361, 0.4815533980582524, 0.4142538975501114, 0.3231441048034934, 0.25217391304347825, 0.26262626262626265, 0.2605042016806723, 0.29523809523809524, 0.44360902255639095, 0.15789473684210525, 0.3508771929824561, 0.3076923076923077, 0.4751958224543081, 0.2831858407079646, 0.3832199546485261, 0.5075593952483801, 0.3728813559322034, 0.32210526315789473, 0.3111587982832618, 0.41914893617021276, 0.2668112798264642, 0.2505263157894737, 0.34210526315789475, 0.24742268041237114, 0.37962962962962965, 0.3063063063063063, 0.4326923076923077, 0.13, 0.4462809917355372, 0.3274336283185841, 0.22935779816513763, 0.35398230088495575, 0.19298245614035087, 0.6049107142857143, 0.48292682926829267, 0.41025641025641024, 0.3340080971659919, 0.22413793103448276, 0.5, 0.24770642201834864, 0.1652892561983471, 0.27884615384615385, 0.35076252723311546, 0.3712984054669704, 0.5613305613305614, 0.2727272727272727, 0.4306569343065693, 0.3153153153153153, 0.2845528455284553, 0.47058823529411764, 0.24347826086956523, 0.38461538461538464, 0.422680412371134, 0.36507936507936506, 0.3592233009708738, 0.5894206549118388, 0.41005802707930367, 0.27292110874200426, 0.34303534303534305, 0.45571955719557194, 0.4392156862745098, 0.3127962085308057, 0.029914529914529916, 0.40540540540540543, 0.4528301886792453, 0.40186915887850466, 0.17307692307692307, 0.29411764705882354, 0.25742574257425743, 0.41133004926108374, 0.18198874296435272, 0.2937853107344633, 0.3646788990825688, 0.5819477434679335, 0.41379310344827586, 0.28870292887029286, 0.5203094777562862, 0.33482142857142855, 0.37701149425287356, 0.28118393234672306, 0.3821138211382114, 0.18181818181818182, 0.4639175257731959, 0.35714285714285715, 0.48148148148148145, 0.3968253968253968, 0.12389380530973451, 0.18584070796460178, 0.453551912568306, 0.40625, 0.49266247379454925, 0.33613445378151263, 0.6369047619047619, 0.29844961240310075, 0.3238095238095238, 0.24752475247524752, 0.2545454545454545, 0.515625, 0.4095238095238095, 0.42990654205607476, 0.16216216216216217, 0.5322245322245323, 0.42391304347826086, 0.392, 0.5044722719141324, 0.3221601489757914, 0.272, 0.5542168674698795, 0.26732673267326734, 0.5046728971962616, 0.2692307692307692, 0.23893805309734514, 0.512396694214876, 0.2882882882882883, 0.2980769230769231, 0.5089285714285714, 0.5357142857142857, 0.32786885245901637, 0.508557457212714, 0.42206235011990406, 0.3169734151329243, 0.29782082324455206, 0.479020979020979]
Across score percent breakdown = [0.17796610169491525, 0.183206106870229, 0.41284403669724773, 0.18867924528301888, 0.4106382978723404, 0.42655935613682094, 0.37155963302752293, 0.4298245614035088, 0.3798449612403101, 0.18269230769230768, 0.1487603305785124, 0.5240641711229946, 0.5273109243697479, 0.4578096947935368, 0.3516483516483517, 0.3442622950819672, 0.3125, 0.336734693877551, 0.3106796116504854, 0.42857142857142855, 0.3730964467005076, 0.3284518828451883, 0.28487229862475444, 0.216, 0.2571428571428571, 0.4574468085106383, 0.32142857142857145, 0.3269230769230769, 0.38317757009345793, 0.3522975929978118, 0.43207126948775054, 0.30876494023904383, 0.6005509641873278, 0.3041575492341357, 0.4807692307692308, 0.34579439252336447, 0.2962962962962963, 0.5615615615615616, 0.37037037037037035, 0.54, 0.3119266055045872, 0.29347826086956524, 0.3644859813084112, 0.5920745920745921, 0.5108695652173914, 0.21694214876033058, 0.2986111111111111, 0.5188679245283019, 0.3402061855670103, 0.17073170731707318, 0.2571428571428571, 0.44660194174757284, 0.3015267175572519, 0.48863636363636365, 0.35, 0.4842105263157895, 0.17699115044247787, 0.3619047619047619, 0.49029126213592233, 0.2876984126984127, 0.5094850948509485, 0.45194805194805193, 0.5319693094629157, 0.3669724770642202, 0.1864406779661017, 0.45, 0.4329896907216495, 0.25, 0.5182341650671785, 0.5730088495575221, 0.35908141962421714, 0.2884250474383302, 0.5236051502145923, 0.37763713080168776, 0.21551724137931033, 0.3306122448979592, 0.27184466019417475, 0.34545454545454546, 0.2767857142857143, 0.16964285714285715, 0.44144144144144143, 0.39641434262948205, 0.23613963039014374, 0.2935222672064777, 0.46846846846846846, 0.308411214953271, 0.6575052854122622, 0.26305220883534136, 0.34574468085106386, 0.3231850117096019, 0.2627599243856333, 0.34851936218678814, 0.25210084033613445, 0.1810344827586207, 0.39267015706806285, 0.6555819477434679, 0.546485260770975, 0.24545454545454545, 0.20634920634920634, 0.25, 0.19811320754716982, 0.2018348623853211, 0.18327402135231316, 0.6062052505966588, 0.6189427312775331, 0.6325167037861915, 0.5526315789473685, 0.31932773109243695, 0.23, 0.6473429951690821, 0.34210526315789475, 0.39473684210526316, 0.4613686534216336, 0.2997711670480549, 0.3659574468085106]
