Total side score = 932
Average side score = 3.66929133858
Side score breakdown = [4, 4, 2, 4, 4, 4, 4, 4, 4, 4, 4, 4, 4, 4, 4, 4, 2, 4, 4, 4, 2, 2, 4, 4, 4, 4, 4, 3, 3, 4, 4, 4, 3, 4, 4, 4, 4, 4, 4, 2, 3, 2, 2, 4, 4, 4, 2, 4, 4, 4, 4, 4, 4, 4, 2, 3, 4, 4, 4, 4, 4, 4, 4, 4, 4, 4, 4, 4, 4, 4, 2, 4, 4, 4, 4, 4, 4, 4, 4, 3, 4, 4, 3, 4, 4, 4, 4, 4, 4, 4, 3, 4, 4, 4, 4, 4, 4, 4, 4, 4, 4, 4, 4, 4, 2, 3, 4, 4, 2, 4, 4, 4, 3, 4, 4, 4, 4, 4, 4, 4, 4, 4, 2, 4, 4, 4, 4, 3, 4, 4, 3, 4, 4, 4, 4, 3, 4, 4, 4, 4, 2, 4, 4, 2, 2, 2, 4, 4, 2, 4, 4, 4, 4, 4, 4, 4, 4, 4, 4, 4, 4, 2, 4, 1, 2, 3, 4, 4, 3, 2, 4, 4, 4, 4, 4, 4, 4, 4, 4, 4, 4, 4, 4, 4, 4, 4, 4, 4, 4, 4, 4, 4, 4, 4, 3, 4, 2, 4, 4, 4, 4, 4, 2, 4, 4, 4, 4, 4, 4, 3, 4, 3, 4, 4, 4, 4, 4, 3, 4, 4, 4, 2, 4, 4, 4, 4, 4, 4, 4, 4, 4, 4, 4, 4, 2, 4, 4, 1, 4, 2, 4, 3, 4, 4, 4, 3, 3, 4, 4, 3, 4, 4, 3, 2]

Total across score = 505
Average across score = 3.58156028369
Across score breakdown = [4, 3, 3, 4, 4, 3, 4, 4, 3, 4, 2, 4, 2, 4, 3, 4, 4, 4, 3, 3, 4, 4, 4, 4, 4, 4, 4, 4, 3, 3, 4, 4, 4, 3, 3, 4, 4, 4, 4, 4, 4, 4, 4, 3, 3, 3, 4, 3, 3, 4, 4, 4, 4, 3, 4, 4, 4, 3, 4, 3, 4, 4, 4, 4, 3, 3, 4, 4, 4, 4, 4, 3, 3, 4, 3, 4, 4, 4, 4, 4, 4, 4, 4, 4, 4, 4, 4, 3, 4, 4, 4, 4, 3, 4, 3, 3, 4, 4, 3, 3, 4, 4, 3, 3, 4, 4, 4, 1, 4, 4, 3, 1, 4, 4, 4, 3, 3, 2, 3, 2, 3, 4, 4, 4, 3, 4, 4, 3, 4, 3, 3, 3, 4, 4, 3, 3, 4, 3, 4, 4, 4]

Side score avg percent = 0.402072297455
Across score avg percent = 0.391353364061
Side score percent breakdown = [0.5555555555555556, 0.5625, 0.183206106870229, 0.35, 0.4158415841584158, 0.46956521739130436, 0.5299145299145299, 0.33636363636363636, 0.3786407766990291, 0.382830626450116, 0.5253164556962026, 0.37104072398190047, 0.3537117903930131, 0.350561797752809, 0.5022321428571429, 0.35268817204301073, 0.22357723577235772, 0.5436893203883495, 0.5169491525423728, 0.45794392523364486, 0.1487603305785124, 0.2, 0.5630252100840336, 0.42962962962962964, 0.46601941747572817, 0.45454545454545453, 0.46153846153846156, 0.26666666666666666, 0.25, 0.3697674418604651, 0.5452196382428941, 0.5206073752711496, 0.3326226012793177, 0.6732394366197183, 0.4652777777777778, 0.37938144329896906, 0.3516483516483517, 0.4409448818897638, 0.4897959183673469, 0.216, 0.3125, 0.205607476635514, 0.21238938053097345, 0.4358974358974359, 0.6422018348623854, 0.45217391304347826, 0.19642857142857142, 0.3939393939393939, 0.42857142857142855, 0.46153846153846156, 0.40096618357487923, 0.33178654292343385, 0.37117903930131, 0.4643734643734644, 0.3133047210300429, 0.25773195876288657, 0.5204081632653061, 0.4574468085106383, 0.5242718446601942, 0.5315315315315315, 0.4782608695652174, 0.38317757009345793, 0.3955056179775281, 0.34303534303534305, 0.5445783132530121, 0.555793991416309, 0.3382352941176471, 0.43207126948775054, 0.5170940170940171, 0.32387706855791965, 0.3041575492341357, 0.5596330275229358, 0.6574074074074074, 0.44, 0.5508474576271186, 0.41904761904761906, 0.3644859813084112, 0.5154639175257731, 0.34579439252336447, 0.2818181818181818, 0.39090909090909093, 0.42326732673267325, 0.3813953488372093, 0.31938325991189426, 0.4755784061696658, 0.42142857142857143, 0.31438721136767317, 0.4372822299651568, 0.4016393442622951, 0.46078431372549017, 0.2980769230769231, 0.5625, 0.44660194174757284, 0.4690265486725664, 0.3879310344827586, 0.5413533834586466, 0.3644859813084112, 0.34763948497854075, 0.5201698513800425, 0.4182242990654206, 0.5089058524173028, 0.4752252252252252, 0.4142538975501114, 0.3641509433962264, 0.2986111111111111, 0.25217391304347825, 0.47572815533980584, 0.3402061855670103, 0.17073170731707318, 0.44360902255639095, 0.42592592592592593, 0.44660194174757284, 0.4107883817427386, 0.3832199546485261, 0.43352601156069365, 0.32210526315789473, 0.44493392070484583, 0.3111587982832618, 0.48863636363636365, 0.37962962962962965, 0.4326923076923077, 0.45918367346938777, 0.17699115044247787, 0.5196078431372549, 0.47368421052631576, 0.5, 0.38095238095238093, 0.27884615384615385, 0.40037243947858475, 0.36363636363636365, 0.3406113537117904, 0.49029126213592233, 0.34120171673819744, 0.2876984126984127, 0.5965346534653465, 0.4889975550122249, 0.33264462809917356, 0.45194805194805193, 0.35845213849287166, 0.3254437869822485, 0.2805907172995781, 0.5, 0.5271317829457365, 0.21367521367521367, 0.1864406779661017, 0.2222222222222222, 0.5042016806722689, 0.5576923076923077, 0.1743119266055046, 0.39622641509433965, 0.34210526315789475, 0.39805825242718446, 0.3235294117647059, 0.5141700404858299, 0.5182341650671785, 0.3712984054669704, 0.2995689655172414, 0.5236051502145923, 0.5204819277108433, 0.5613305613305614, 0.48578811369509045, 0.25263157894736843, 0.36929460580912865, 0.21551724137931033, 0.27350427350427353, 0.12015503875968993, 0.4306569343065693, 0.46218487394957986, 0.2845528455284553, 0.21739130434782608, 0.44274809160305345, 0.4144144144144144, 0.549618320610687, 0.44144144144144143, 0.4228187919463087, 0.3088235294117647, 0.41082164328657317, 0.3597285067873303, 0.33261802575107297, 0.3657505285412262, 0.40540540540540543, 0.4528301886792453, 0.46846846846846846, 0.3888888888888889, 0.48148148148148145, 0.5247524752475248, 0.3364485981308411, 0.391304347826087, 0.5151515151515151, 0.39814814814814814, 0.37142857142857144, 0.308411214953271, 0.3415841584158416, 0.4416243654822335, 0.4396984924623116, 0.37527593818984545, 0.3231850117096019, 0.34851936218678814, 0.4639175257731959, 0.35714285714285715, 0.3333333333333333, 0.48148148148148145, 0.1810344827586207, 0.4126984126984127, 0.42574257425742573, 0.5555555555555556, 0.46938775510204084, 0.3565217391304348, 0.3883495145631068, 0.24545454545454545, 0.411214953271028, 0.39267015706806285, 0.3903061224489796, 0.3632075471698113, 0.40625, 0.5758754863813229, 0.6369047619047619, 0.4213197969543147, 0.5529157667386609, 0.2965779467680608, 0.3813559322033898, 0.24752475247524752, 0.5252525252525253, 0.43137254901960786, 0.515625, 0.41025641025641024, 0.4028169014084507, 0.4779735682819383, 0.3550420168067227, 0.43276283618581907, 0.6062052505966588, 0.382051282051282, 0.5161943319838057, 0.3221601489757914, 0.22690763052208834, 0.42016806722689076, 0.5542168674698795, 0.1271186440677966, 0.5046728971962616, 0.24528301886792453, 0.5656565656565656, 0.36283185840707965, 0.45161290322580644, 0.32786885245901637, 0.37735849056603776, 0.2945590994371482, 0.37154989384288745, 0.42206235011990406, 0.39473684210526316, 0.3355855855855856, 0.33661417322834647, 0.39186295503211993, 0.37585421412300685, 0.2841163310961969]
Across score percent breakdown = [0.5357142857142857, 0.2376237623762376, 0.2897196261682243, 0.5047619047619047, 0.2956521739130435, 0.2523364485981308, 0.6217303822937625, 0.514018691588785, 0.29933481152993346, 0.40501043841336115, 0.15384615384615385, 0.3793103448275862, 0.2549019607843137, 0.4090909090909091, 0.2721774193548387, 0.44537815126050423, 0.4652173913043478, 0.3893617021276596, 0.29320388349514565, 0.33537832310838445, 0.4634146341463415, 0.5643564356435643, 0.5612244897959183, 0.5596330275229358, 0.25225225225225223, 0.3471882640586797, 0.5456852791878173, 0.46882217090069284, 0.3282275711159737, 0.3047619047619048, 0.5752212389380531, 0.51, 0.5188679245283019, 0.23853211009174313, 0.2523364485981308, 0.5126050420168067, 0.4215686274509804, 0.5251509054325956, 0.318, 0.5291750503018109, 0.41866028708133973, 0.3333333333333333, 0.336283185840708, 0.23140495867768596, 0.28846153846153844, 0.32166301969365424, 0.5981308411214953, 0.23958333333333334, 0.36363636363636365, 0.5157894736842106, 0.43846153846153846, 0.35454545454545455, 0.3, 0.29591836734693877, 0.42378048780487804, 0.38476190476190475, 0.47149122807017546, 0.3231441048034934, 0.34710743801652894, 0.29523809523809524, 0.6106194690265486, 0.5824175824175825, 0.40350877192982454, 0.4672897196261682, 0.2616822429906542, 0.2831858407079646, 0.3360655737704918, 0.5575396825396826, 0.5382882882882883, 0.41914893617021276, 0.42735042735042733, 0.2668112798264642, 0.2505263157894737, 0.34210526315789475, 0.24742268041237114, 0.5555555555555556, 0.2773109243697479, 0.46551724137931033, 0.35398230088495575, 0.48292682926829267, 0.41025641025641024, 0.43243243243243246, 0.5483870967741935, 0.46551724137931033, 0.6545454545454545, 0.44166666666666665, 0.4209445585215606, 0.3979591836734694, 0.45643153526970953, 0.5588235294117647, 0.5, 0.47058823529411764, 0.22018348623853212, 0.47572815533980584, 0.2727272727272727, 0.415929203539823, 0.34303534303534305, 0.4131578947368421, 0.3471615720524017, 0.3127962085308057, 0.6160714285714286, 0.5233644859813084, 0.32432432432432434, 0.2647058823529412, 0.42234848484848486, 0.5203094777562862, 0.4649122807017544, 0.14173228346456693, 0.39814814814814814, 0.43119266055045874, 0.2631578947368421, 0.21782178217821782, 0.45, 0.5746887966804979, 0.498, 0.2683982683982684, 0.29896907216494845, 0.2358490566037736, 0.2545454545454545, 0.2222222222222222, 0.24786324786324787, 0.48, 0.4095238095238095, 0.42990654205607476, 0.2815533980582524, 0.392, 0.49884526558891457, 0.3025210084033613, 0.35714285714285715, 0.2692307692307692, 0.23893805309734514, 0.32727272727272727, 0.48863636363636365, 0.29914529914529914, 0.3, 0.23893805309734514, 0.3169734151329243, 0.42395437262357416, 0.48484848484848486, 0.46774193548387094, 0.41531322505800466]
