Total side score = 580
Average side score = 3.35260115607
Side score breakdown = [4, 4, 4, 1, 4, 4, 2, 4, 4, 3, 4, 4, 4, 4, 2, 4, 4, 4, 4, 3, 3, 3, 2, 3, 4, 4, 4, 4, 1, 3, 4, 4, 3, 4, 4, 3, 3, 3, 4, 3, 4, 4, 4, 4, 4, 2, 4, 4, 2, 3, 3, 4, 2, 4, 3, 4, 4, 2, 4, 3, 4, 4, 2, 4, 2, 2, 4, 4, 4, 2, 3, 4, 3, 4, 3, 4, 4, 2, 4, 3, 3, 4, 4, 4, 1, 2, 4, 4, 3, 3, 4, 4, 4, 3, 4, 4, 4, 4, 4, 4, 4, 4, 2, 4, 3, 3, 4, 2, 4, 4, 4, 4, 1, 3, 4, 3, 4, 3, 3, 3, 1, 3, 4, 4, 4, 3, 4, 4, 3, 4, 1, 4, 3, 4, 4, 4, 3, 4, 2, 4, 1, 2, 3, 4, 3, 3, 4, 4, 4, 3, 4, 4, 3, 4, 4, 2, 4, 3, 3, 4, 3, 3, 4, 3, 2, 4, 1, 4, 3, 4, 3, 4, 1]

Total across score = 613
Average across score = 3.76073619632
Across score breakdown = [4, 4, 4, 4, 4, 4, 4, 4, 4, 4, 4, 4, 4, 4, 4, 4, 4, 4, 4, 2, 3, 4, 3, 4, 4, 3, 4, 4, 3, 4, 3, 4, 4, 4, 4, 4, 4, 4, 4, 4, 4, 2, 4, 3, 4, 4, 4, 4, 4, 4, 4, 4, 4, 4, 4, 4, 4, 4, 4, 4, 4, 4, 4, 3, 3, 4, 4, 4, 4, 4, 4, 3, 4, 3, 4, 4, 1, 4, 4, 3, 4, 4, 2, 3, 4, 4, 4, 4, 4, 4, 4, 4, 4, 4, 4, 4, 1, 4, 4, 4, 3, 2, 4, 4, 4, 4, 4, 4, 4, 4, 3, 4, 4, 4, 4, 4, 4, 4, 4, 4, 4, 4, 4, 3, 4, 4, 2, 4, 4, 4, 4, 4, 4, 4, 4, 4, 4, 3, 4, 4, 4, 4, 4, 4, 4, 4, 1, 4, 4, 4, 4, 4, 4, 4, 4, 4, 3, 4, 3, 4, 4, 4, 2]

Side score avg percent = 0.347599240751
Across score avg percent = 0.399630986218
Side score percent breakdown = [0.5625, 0.3867924528301887, 0.4639175257731959, 0.205607476635514, 0.35, 0.4074074074074074, 0.2072072072072072, 0.4106382978723404, 0.42655935613682094, 0.37254901960784315, 0.3497942386831276, 0.3798449612403101, 0.5169491525423728, 0.36538461538461536, 0.2, 0.5416666666666666, 0.5240641711229946, 0.33814432989690724, 0.33403361344537813, 0.3447488584474886, 0.29320388349514565, 0.336734693877551, 0.205607476635514, 0.28, 0.5643564356435643, 0.45045045045045046, 0.45217391304347826, 0.25225225225225223, 0.21904761904761905, 0.4116222760290557, 0.3284518828451883, 0.37117903930131, 0.3047619047619048, 0.40186915887850466, 0.5188679245283019, 0.2523364485981308, 0.3162393162393162, 0.32142857142857145, 0.4215686274509804, 0.41878172588832485, 0.3522975929978118, 0.33191489361702126, 0.3150406504065041, 0.43207126948775054, 0.2768595041322314, 0.3041575492341357, 0.35398230088495575, 0.336283185840708, 0.22321428571428573, 0.28846153846153844, 0.26605504587155965, 0.34579439252336447, 0.21621621621621623, 0.3320610687022901, 0.28110599078341014, 0.38144329896907214, 0.403921568627451, 0.2504930966469428, 0.5607476635514018, 0.34962406015037595, 0.5265392781316348, 0.3307543520309478, 0.18923933209647495, 0.32976827094474154, 0.2863849765258216, 0.2670940170940171, 0.2829076620825147, 0.03614457831325301, 0.37037037037037035, 0.2336448598130841, 0.23958333333333334, 0.3119266055045872, 0.27450980392156865, 0.44660194174757284, 0.29347826086956524, 0.43846153846153846, 0.35454545454545455, 0.1864406779661017, 0.3, 0.29591836734693877, 0.25961538461538464, 0.3275488069414317, 0.5108695652173914, 0.43015521064301554, 0.21694214876033058, 0.2986111111111111, 0.34710743801652894, 0.40350877192982454, 0.2616822429906542, 0.4107883817427386, 0.4155844155844156, 0.3132530120481928, 0.3668032786885246, 0.2668112798264642, 0.5, 0.42016806722689076, 0.2773109243697479, 0.38095238095238093, 0.45194805194805193, 0.2619047619047619, 0.43243243243243246, 0.5271317829457365, 0.2692307692307692, 0.3669724770642202, 0.27884615384615385, 0.25, 0.44166666666666665, 0.23300970873786409, 0.39805825242718446, 0.4209445585215606, 0.2884250474383302, 0.5204819277108433, 0.20958083832335328, 0.2767676767676768, 0.5588235294117647, 0.3153153153153153, 0.43103448275862066, 0.27184466019417475, 0.2767857142857143, 0.2727272727272727, 0.19469026548672566, 0.37160751565762007, 0.6160714285714286, 0.33636363636363636, 0.29411764705882354, 0.2647058823529412, 0.39814814814814814, 0.30392156862745096, 0.41133004926108374, 0.4416243654822335, 0.18181818181818182, 0.39814814814814814, 0.2631578947368421, 0.45, 0.8037190082644629, 0.4394904458598726, 0.453551912568306, 0.44834307992202727, 0.3518930957683742, 0.3953488372093023, 0.2751842751842752, 0.20634920634920634, 0.29844961240310075, 0.328125, 0.258130081300813, 0.29896907216494845, 0.44, 0.3739130434782609, 0.4065040650406504, 0.25, 0.41025641025641024, 0.4028169014084507, 0.42391304347826086, 0.341991341991342, 0.6325167037861915, 0.24742268041237114, 0.35714285714285715, 0.26732673267326734, 0.2692307692307692, 0.512396694214876, 0.2882882882882883, 0.32727272727272727, 0.29914529914529914, 0.3, 0.23, 0.3047619047619048, 0.12389380530973451, 0.36989247311827955, 0.2945590994371482, 0.3619631901840491, 0.29782082324455206, 0.34210526315789475, 0.20982986767485823]
Across score percent breakdown = [0.3902439024390244, 0.4573643410852713, 0.4566929133858268, 0.4158415841584158, 0.46956521739130436, 0.38392857142857145, 0.3786407766990291, 0.5297450424929179, 0.5311871227364185, 0.301556420233463, 0.5528255528255528, 0.48709122203098104, 0.35268817204301073, 0.3273809523809524, 0.5436893203883495, 0.44537815126050423, 0.5630252100840336, 0.39669421487603307, 0.42962962962962964, 0.20353982300884957, 0.26666666666666666, 0.3577981651376147, 0.25, 0.5357142857142857, 0.6646586345381527, 0.3409090909090909, 0.3613861386138614, 0.4409448818897638, 0.3050847457627119, 0.41836734693877553, 0.27884615384615385, 0.4358974358974359, 0.6422018348623854, 0.38392857142857145, 0.39622641509433965, 0.3333333333333333, 0.42065491183879095, 0.2982456140350877, 0.33178654292343385, 0.639344262295082, 0.5165692007797271, 0.3133047210300429, 0.032388663967611336, 0.25984251968503935, 0.3644859813084112, 0.5242718446601942, 0.30357142857142855, 0.34303534303534305, 0.5488888888888889, 0.39732142857142855, 0.5535714285714286, 0.32387706855791965, 0.5596330275229358, 0.36036036036036034, 0.34615384615384615, 0.5508474576271186, 0.3644859813084112, 0.39090909090909093, 0.3898635477582846, 0.37555555555555553, 0.510989010989011, 0.4755784061696658, 0.41025641025641024, 0.25, 0.2773109243697479, 0.3391304347826087, 0.4690265486725664, 0.330188679245283, 0.5089058524173028, 0.4815533980582524, 0.3132780082987552, 0.2924901185770751, 0.46153846153846156, 0.24528301886792453, 0.44360902255639095, 0.42592592592592593, 0.17647058823529413, 0.5309973045822103, 0.3609341825902335, 0.3274336283185841, 0.5196078431372549, 0.47706422018348627, 0.2222222222222222, 0.27884615384615385, 0.6049107142857143, 0.36363636363636365, 0.3522267206477733, 0.4335511982570806, 0.3310344827586207, 0.36683417085427134, 0.4790697674418605, 0.3254437869822485, 0.5, 0.5042016806722689, 0.3942307692307692, 0.3235294117647059, 0.21153846153846154, 0.34575569358178054, 0.35789473684210527, 0.5613305613305614, 0.3229571984435798, 0.27350427350427353, 0.2727272727272727, 0.4306569343065693, 0.38461538461538464, 0.44274809160305345, 0.4144144144144144, 0.4228187919463087, 0.5093896713615024, 0.3048245614035088, 0.27292110874200426, 0.3657505285412262, 0.45571955719557194, 0.40540540540540543, 0.40186915887850466, 0.3627450980392157, 0.3888888888888889, 0.48148148148148145, 0.3364485981308411, 0.3415841584158416, 0.475, 0.2937853107344633, 0.3646788990825688, 0.28870292887029286, 0.49746192893401014, 0.4693396226415094, 0.2515592515592516, 0.33482142857142855, 0.4639175257731959, 0.35714285714285715, 0.3333333333333333, 0.37383177570093457, 0.3968253968253968, 0.5555555555555556, 0.4090909090909091, 0.3565217391304348, 0.3883495145631068, 0.24545454545454545, 0.38425925925925924, 0.5307377049180327, 0.42630385487528344, 0.5758754863813229, 0.3813559322033898, 0.3238095238095238, 0.43137254901960786, 0.515625, 0.15178571428571427, 0.3550420168067227, 0.544, 0.5044722719141324, 0.3099099099099099, 0.5542168674698795, 0.38738738738738737, 0.39814814814814814, 0.5656565656565656, 0.5089285714285714, 0.29914529914529914, 0.5357142857142857, 0.37154989384288745, 0.479020979020979, 0.4164904862579281, 0.33661417322834647, 0.2841163310961969]
