Total side score = 987
Average side score = 3.69662921348
Side score breakdown = [4, 4, 4, 4, 4, 4, 4, 1, 1, 4, 4, 4, 4, 4, 4, 4, 4, 2, 4, 4, 4, 4, 4, 4, 4, 2, 4, 4, 4, 4, 4, 4, 4, 4, 4, 4, 4, 4, 4, 4, 4, 4, 4, 4, 4, 4, 4, 4, 4, 4, 4, 2, 4, 1, 4, 4, 4, 4, 4, 4, 4, 4, 4, 3, 4, 4, 4, 4, 4, 4, 4, 4, 3, 4, 4, 4, 4, 4, 4, 4, 3, 4, 2, 4, 4, 4, 1, 4, 4, 4, 4, 4, 4, 4, 4, 4, 4, 4, 4, 4, 4, 4, 4, 4, 1, 4, 4, 4, 4, 4, 4, 4, 4, 4, 4, 3, 4, 4, 4, 4, 4, 4, 3, 4, 4, 4, 4, 4, 4, 4, 4, 3, 4, 4, 4, 4, 4, 4, 4, 4, 4, 4, 4, 4, 4, 4, 2, 4, 4, 4, 4, 4, 4, 3, 2, 4, 1, 3, 4, 4, 4, 4, 4, 4, 4, 2, 3, 4, 1, 3, 4, 4, 4, 4, 2, 4, 4, 4, 1, 3, 4, 4, 4, 2, 4, 4, 4, 4, 4, 4, 4, 3, 4, 4, 4, 4, 4, 4, 4, 4, 4, 4, 4, 4, 4, 4, 4, 4, 4, 4, 4, 4, 4, 1, 4, 4, 4, 4, 4, 4, 4, 4, 4, 4, 4, 4, 2, 4, 4, 4, 1, 2, 1, 1, 1, 4, 4, 4, 4, 4, 4, 4, 2, 4, 2, 4, 4, 4, 4, 3, 4, 3, 4, 4, 4, 4, 4, 4, 4, 4, 4, 4, 4, 4, 4, 2, 4]

Total across score = 319
Average across score = 3.35789473684
Across score breakdown = [3, 3, 3, 4, 2, 4, 3, 4, 3, 3, 2, 4, 4, 4, 3, 3, 4, 3, 4, 3, 3, 4, 3, 3, 4, 4, 3, 4, 4, 4, 4, 3, 3, 3, 4, 4, 4, 3, 3, 3, 3, 4, 1, 3, 3, 4, 3, 3, 1, 4, 4, 4, 3, 4, 4, 4, 4, 4, 3, 4, 4, 3, 4, 3, 4, 4, 3, 3, 4, 3, 4, 3, 4, 4, 2, 2, 3, 4, 3, 4, 4, 2, 4, 3, 3, 4, 3, 3, 4, 3, 3, 3, 3, 3, 3]

Side score avg percent = 0.425307144959
Across score avg percent = 0.369351933591
Side score percent breakdown = [0.5357142857142857, 0.4573643410852713, 0.5806451612903226, 0.5, 0.4074074074074074, 0.5047619047619047, 0.2956521739130435, 0.18867924528301888, 0.17307692307692307, 0.5253164556962026, 0.4106382978723404, 0.42655935613682094, 0.44554455445544555, 0.5311871227364185, 0.4298245614035088, 0.5528255528255528, 0.40501043841336115, 0.22357723577235772, 0.3273809523809524, 0.37751004016064255, 0.3945409429280397, 0.023346303501945526, 0.4215686274509804, 0.44537815126050423, 0.45794392523364486, 0.15384615384615385, 0.3793103448275862, 0.5416666666666666, 0.39669421487603307, 0.32323232323232326, 0.4090909090909091, 0.3577981651376147, 0.5357142857142857, 0.5240641711229946, 0.5273109243697479, 0.5452196382428941, 0.6646586345381527, 0.4578096947935368, 0.6732394366197183, 0.4652777777777778, 0.3613861386138614, 0.4652173913043478, 0.41914893617021276, 0.37601626016260165, 0.4634146341463415, 0.5274725274725275, 0.4722222222222222, 0.5643564356435643, 0.39814814814814814, 0.5612244897959183, 0.5596330275229358, 0.2204724409448819, 0.38392857142857145, 0.21904761904761905, 0.39285714285714285, 0.3333333333333333, 0.5287356321839081, 0.6610878661087866, 0.639344262295082, 0.4643734643734644, 0.46882217090069284, 0.4087301587301587, 0.4211822660098522, 0.2708757637474542, 0.032388663967611336, 0.5752212389380531, 0.3644859813084112, 0.40186915887850466, 0.51, 0.5204081632653061, 0.5188679245283019, 0.4322033898305085, 0.28703703703703703, 0.47580645161290325, 0.5393700787401575, 0.5251509054325956, 0.3522975929978118, 0.5445783132530121, 0.5488888888888889, 0.5535714285714286, 0.30876494023904383, 0.6005509641873278, 0.20952380952380953, 0.38826185101580135, 0.35714285714285715, 0.04132231404958678, 0.145985401459854, 0.36036036036036034, 0.5327102803738317, 0.4807692307692308, 0.44, 0.3644859813084112, 0.510989010989011, 0.5615615615615616, 0.4755784061696658, 0.4288939051918736, 0.46596858638743455, 0.35070140280561124, 0.41025641025641024, 0.5245901639344263, 0.5567010309278351, 0.4690265486725664, 0.5157894736842106, 0.330188679245283, 0.12871287128712872, 0.5920745920745921, 0.4832347140039448, 0.4178794178794179, 0.5108695652173914, 0.5089058524173028, 0.43015521064301554, 0.47149122807017546, 0.3851508120649652, 0.3132780082987552, 0.3075313807531381, 0.2924901185770751, 0.5188679245283019, 0.46153846153846156, 0.6106194690265486, 0.4126984126984127, 0.5824175824175825, 0.3508771929824561, 0.25, 0.4672897196261682, 0.4751958224543081, 0.5575396825396826, 0.5382882882882883, 0.5309973045822103, 0.44493392070484583, 0.48863636363636365, 0.42735042735042733, 0.2505263157894737, 0.4811320754716981, 0.5555555555555556, 0.5, 0.4842105263157895, 0.47706422018348627, 0.2773109243697479, 0.46551724137931033, 0.6049107142857143, 0.5965346534653465, 0.5094850948509485, 0.4790697674418605, 0.5319693094629157, 0.37636761487964987, 0.5483870967741935, 0.2692307692307692, 0.46551724137931033, 0.45, 0.4329896907216495, 0.6545454545454545, 0.3942307692307692, 0.45045045045045046, 0.27884615384615385, 0.23300970873786409, 0.3173076923076923, 0.1941747572815534, 0.35076252723311546, 0.5182341650671785, 0.4209445585215606, 0.4577259475218659, 0.5730088495575221, 0.5236051502145923, 0.48578811369509045, 0.45643153526970953, 0.25263157894736843, 0.3229571984435798, 0.3583138173302108, 0.21551724137931033, 0.12015503875968993, 0.5588235294117647, 0.43103448275862066, 0.5, 0.47058823529411764, 0.24347826086956523, 0.42727272727272725, 0.4146341463414634, 0.47572815533980584, 0.16964285714285715, 0.2727272727272727, 0.5894206549118388, 0.5093896713615024, 0.4131578947368421, 0.20394736842105263, 0.4139433551198257, 0.029914529914529916, 0.6160714285714286, 0.5233644859813084, 0.384, 0.5384615384615384, 0.4444444444444444, 0.32432432432432434, 0.2909090909090909, 0.42857142857142855, 0.308411214953271, 0.6575052854122622, 0.475, 0.5070707070707071, 0.5227765726681128, 0.5819477434679335, 0.42234848484848486, 0.34574468085106386, 0.49746192893401014, 0.4693396226415094, 0.4649122807017544, 0.3854389721627409, 0.37425742574257426, 0.49074074074074076, 0.48484848484848486, 0.5217391304347826, 0.3968253968253968, 0.4090909090909091, 0.43119266055045874, 0.21782178217821782, 0.45, 0.5746887966804979, 0.4394904458598726, 0.6555819477434679, 0.546485260770975, 0.5307377049180327, 0.49266247379454925, 0.498, 0.5758754863813229, 0.3886861313868613, 0.4084507042253521, 0.3107822410147992, 0.2358490566037736, 0.4065040650406504, 0.4956521739130435, 0.48, 0.15178571428571427, 0.21818181818181817, 0.19811320754716982, 0.12871287128712872, 0.2018348623853211, 0.5322245322245323, 0.6062052505966588, 0.6189427312775331, 0.5161943319838057, 0.544, 0.6325167037861915, 0.49884526558891457, 0.22690763052208834, 0.3099099099099099, 0.24742268041237114, 0.04032258064516129, 0.5526315789473685, 0.38738738738738737, 0.475, 0.23893805309734514, 0.48863636363636365, 0.29914529914529914, 0.5357142857142857, 0.29914529914529914, 0.4956521739130435, 0.508557457212714, 0.36989247311827955, 0.6473429951690821, 0.46774193548387094, 0.4358407079646018, 0.4164904862579281, 0.41531322505800466, 0.4613686534216336, 0.39186295503211993, 0.378021978021978, 0.24334600760456274, 0.3659574468085106]
Across score percent breakdown = [0.33035714285714285, 0.24489795918367346, 0.37254901960784315, 0.4720357941834452, 0.28662420382165604, 0.5169491525423728, 0.25252525252525254, 0.45454545454545453, 0.3447488584474886, 0.3076923076923077, 0.21153846153846154, 0.4331065759637188, 0.4511627906976744, 0.4222689075630252, 0.27927927927927926, 0.3162393162393162, 0.5315315315315315, 0.41878172588832485, 0.4613526570048309, 0.34913793103448276, 0.2358490566037736, 0.41904761904761906, 0.26605504587155965, 0.3160493827160494, 0.42142857142857143, 0.5607476635514018, 0.34962406015037595, 0.5265392781316348, 0.31438721136767317, 0.4372822299651568, 0.03614457831325301, 0.2980769230769231, 0.3157894736842105, 0.3947990543735225, 0.5201698513800425, 0.41115702479338845, 0.4752252252252252, 0.3218390804597701, 0.25217391304347825, 0.3008130081300813, 0.26262626262626265, 0.3486238532110092, 0.15789473684210525, 0.4107883817427386, 0.3728813559322034, 0.4155844155844156, 0.12350597609561753, 0.3063063063063063, 0.13, 0.4462809917355372, 0.42016806722689076, 0.47368421052631576, 0.3406113537117904, 0.5271317829457365, 0.34, 0.5576923076923077, 0.3712984054669704, 0.5204819277108433, 0.3153153153153153, 0.422680412371134, 0.36507936507936506, 0.37160751565762007, 0.41005802707930367, 0.35908141962421714, 0.33636363636363636, 0.5247524752475248, 0.37701149425287356, 0.31683168316831684, 0.4126984126984127, 0.36792452830188677, 0.46938775510204084, 0.453551912568306, 0.6369047619047619, 0.44834307992202727, 0.3518930957683742, 0.20634920634920634, 0.4213197969543147, 0.5529157667386609, 0.2903225806451613, 0.44, 0.5252525252525253, 0.24528301886792453, 0.41025641025641024, 0.42391304347826086, 0.29767441860465116, 0.3221601489757914, 0.272, 0.26732673267326734, 0.512396694214876, 0.2980769230769231, 0.36283185840707965, 0.25, 0.2945590994371482, 0.2646420824295011, 0.3355855855855856]
