Total side score = 519
Average side score = 3.14545454545
Side score breakdown = [2, 4, 3, 2, 1, 1, 4, 2, 4, 4, 2, 1, 2, 2, 4, 4, 4, 3, 2, 3, 4, 3, 1, 2, 4, 2, 4, 4, 4, 4, 4, 2, 3, 3, 3, 4, 4, 4, 4, 4, 4, 4, 4, 1, 4, 3, 1, 4, 2, 4, 3, 4, 4, 2, 3, 3, 2, 3, 3, 4, 2, 1, 4, 4, 4, 4, 1, 2, 2, 4, 3, 1, 3, 4, 3, 3, 4, 1, 3, 2, 2, 2, 4, 4, 2, 3, 4, 4, 4, 4, 4, 4, 4, 4, 1, 3, 4, 4, 4, 4, 4, 4, 3, 4, 3, 2, 4, 3, 4, 2, 4, 4, 2, 4, 2, 3, 4, 4, 3, 3, 4, 2, 4, 1, 3, 4, 3, 4, 4, 4, 4, 4, 4, 4, 2, 4, 4, 2, 3, 4, 2, 3, 2, 1, 3, 2, 4, 4, 3, 4, 1, 3, 3, 4, 3, 4, 4, 4, 3, 4, 4, 4, 4, 1, 4]

Total across score = 272
Average across score = 3.12643678161
Across score breakdown = [4, 4, 4, 4, 4, 4, 2, 4, 4, 2, 2, 4, 2, 4, 1, 4, 2, 4, 4, 4, 1, 3, 4, 4, 4, 2, 2, 4, 3, 4, 4, 4, 2, 4, 4, 4, 2, 1, 4, 4, 4, 4, 4, 2, 4, 2, 4, 2, 2, 2, 4, 3, 4, 1, 1, 2, 3, 2, 2, 4, 1, 4, 4, 2, 4, 4, 4, 4, 4, 3, 2, 4, 4, 1, 4, 3, 4, 4, 2, 4, 2, 1, 2, 2, 4, 4, 4]

Side score avg percent = 0.332275711952
Across score avg percent = 0.339369038719
Side score percent breakdown = [0.183206106870229, 0.5806451612903226, 0.33035714285714285, 0.2072072072072072, 0.18867924528301888, 0.17307692307692307, 0.37155963302752293, 0.28662420382165604, 0.28775510204081634, 0.3945409429280397, 0.18269230769230768, 0.18699186991869918, 0.2549019607843137, 0.20353982300884957, 0.5273109243697479, 0.6646586345381527, 0.4652173913043478, 0.29320388349514565, 0.22823984526112184, 0.3050847457627119, 0.5274725274725275, 0.336734693877551, 0.17117117117117117, 0.21238938053097345, 0.39814814814814814, 0.19642857142857142, 0.39622641509433965, 0.5287356321839081, 0.3730964467005076, 0.46882217090069284, 0.48484848484848486, 0.25379609544468545, 0.216, 0.2571428571428571, 0.2153846153846154, 0.3269230769230769, 0.36363636363636365, 0.318, 0.5291750503018109, 0.5488888888888889, 0.3150406504065041, 0.4613526570048309, 0.6005509641873278, 0.20766129032258066, 0.35714285714285715, 0.2358490566037736, 0.14285714285714285, 0.32075471698113206, 0.21621621621621623, 0.3898635477582846, 0.2838983050847458, 0.29464285714285715, 0.31438721136767317, 0.18923933209647495, 0.2532347504621072, 0.3157894736842105, 0.23076923076923078, 0.25, 0.2773109243697479, 0.3391304347826087, 0.19230769230769232, 0.12871287128712872, 0.5920745920745921, 0.4832347140039448, 0.45374449339207046, 0.41115702479338845, 0.21694214876033058, 0.22388059701492538, 0.24375, 0.3402061855670103, 0.3008130081300813, 0.1258741258741259, 0.2571428571428571, 0.5075593952483801, 0.3728813559322034, 0.3015267175572519, 0.42735042735042733, 0.13, 0.3274336283185841, 0.2222222222222222, 0.22935779816513763, 0.21100917431192662, 0.35398230088495575, 0.3619047619047619, 0.21238938053097345, 0.3406113537117904, 0.49029126213592233, 0.34120171673819744, 0.3522267206477733, 0.2876984126984127, 0.3340080971659919, 0.46551724137931033, 0.4329896907216495, 0.3611111111111111, 0.21153846153846154, 0.3979591836734694, 0.34575569358178054, 0.4577259475218659, 0.5730088495575221, 0.35908141962421714, 0.321285140562249, 0.5, 0.27184466019417475, 0.36507936507936506, 0.27358490566037735, 0.22641509433962265, 0.5093896713615024, 0.27292110874200426, 0.4131578947368421, 0.23613963039014374, 0.4392156862745098, 0.2701612903225806, 0.2230769230769231, 0.2935222672064777, 0.22018348623853212, 0.26305220883534136, 0.5070707070707071, 0.5227765726681128, 0.41379310344827586, 0.28870292887029286, 0.4649122807017544, 0.2515592515592516, 0.28118393234672306, 0.14173228346456693, 0.31683168316831684, 0.42574257425742573, 0.36792452830188677, 0.3883495145631068, 0.43119266055045874, 0.3632075471698113, 0.6555819477434679, 0.546485260770975, 0.5307377049180327, 0.33613445378151263, 0.20634920634920634, 0.25846702317290554, 0.3238095238095238, 0.2358490566037736, 0.2903225806451613, 0.44, 0.2222222222222222, 0.24786324786324787, 0.24528301886792453, 0.16216216216216217, 0.2815533980582524, 0.18327402135231316, 0.341991341991342, 0.49884526558891457, 0.3025210084033613, 0.32075471698113206, 0.14960629921259844, 0.3, 0.23893805309734514, 0.3584905660377358, 0.37154989384288745, 0.3619631901840491, 0.3169734151329243, 0.6473429951690821, 0.2646420824295011, 0.4358407079646018, 0.33661417322834647, 0.4613686534216336, 0.2997711670480549, 0.20982986767485823, 0.3659574468085106]
Across score percent breakdown = [0.5555555555555556, 0.3867924528301887, 0.4639175257731959, 0.4074074074074074, 0.5299145299145299, 0.33636363636363636, 0.31151832460732987, 0.350561797752809, 0.5022321428571429, 0.22357723577235772, 0.2, 0.46601941747572817, 0.2276595744680851, 0.33403361344537813, 0.2165991902834008, 0.4897959183673469, 0.216, 0.45045045045045046, 0.45217391304347826, 0.40096618357487923, 0.21804511278195488, 0.25773195876288657, 0.4782608695652174, 0.5170940170940171, 0.2768595041322314, 0.20952380952380953, 0.22321428571428573, 0.5154639175257731, 0.2818181818181818, 0.35964912280701755, 0.3307543520309478, 0.4288939051918736, 0.2670940170940171, 0.4016393442622951, 0.2829076620825147, 0.35070140280561124, 0.2336448598130841, 0.19469026548672566, 0.5413533834586466, 0.4142538975501114, 0.47572815533980584, 0.3508771929824561, 0.37735849056603776, 0.17796610169491525, 0.5, 0.22330097087378642, 0.33264462809917356, 0.2805907172995781, 0.21367521367521367, 0.20833333333333334, 0.39622641509433965, 0.27884615384615385, 0.34210526315789475, 0.21495327102803738, 0.20958083832335328, 0.25263157894736843, 0.2845528455284553, 0.24347826086956523, 0.21739130434782608, 0.549618320610687, 0.19469026548672566, 0.41082164328657317, 0.33261802575107297, 0.20394736842105263, 0.391304347826087, 0.5151515151515151, 0.29411764705882354, 0.2909090909090909, 0.30392156862745096, 0.41133004926108374, 0.20175438596491227, 0.8037190082644629, 0.3953488372093023, 0.2751842751842752, 0.3886861313868613, 0.258130081300813, 0.2965779467680608, 0.3107822410147992, 0.24752475247524752, 0.37731958762886597, 0.22690763052208834, 0.19152854511970535, 0.24742268041237114, 0.24528301886792453, 0.45161290322580644, 0.4956521739130435, 0.32786885245901637]
