Total side score = 581
Average side score = 3.22777777778
Side score breakdown = [4, 3, 4, 3, 3, 4, 4, 4, 4, 4, 4, 4, 4, 4, 4, 3, 2, 4, 2, 2, 4, 4, 4, 3, 4, 3, 4, 3, 4, 4, 4, 4, 4, 1, 1, 2, 4, 4, 4, 4, 3, 4, 3, 4, 3, 3, 3, 2, 4, 4, 2, 3, 4, 4, 4, 4, 2, 3, 3, 2, 3, 4, 3, 4, 4, 4, 2, 4, 4, 4, 3, 4, 2, 1, 3, 3, 4, 3, 3, 4, 4, 3, 4, 3, 3, 3, 2, 4, 3, 2, 4, 3, 4, 3, 4, 3, 3, 4, 3, 2, 1, 3, 2, 3, 4, 4, 4, 4, 4, 2, 1, 4, 4, 2, 4, 1, 4, 4, 2, 4, 3, 4, 2, 1, 4, 3, 3, 4, 4, 4, 2, 3, 4, 4, 4, 4, 4, 3, 4, 3, 4, 4, 4, 4, 4, 2, 2, 4, 4, 2, 3, 1, 4, 4, 3, 3, 4, 3, 4, 4, 3, 1, 1, 1, 1, 3, 4, 4, 1, 1, 3, 3, 4, 4, 3, 4, 4, 3, 3, 2]

Total across score = 354
Average across score = 3.47058823529
Across score breakdown = [1, 4, 4, 4, 4, 4, 4, 3, 4, 4, 4, 4, 4, 2, 2, 2, 4, 4, 3, 2, 4, 3, 2, 2, 3, 3, 4, 4, 4, 4, 4, 4, 4, 4, 4, 4, 4, 4, 2, 4, 3, 3, 4, 1, 2, 3, 4, 4, 4, 2, 4, 4, 4, 4, 4, 4, 4, 1, 2, 4, 4, 3, 4, 1, 3, 4, 3, 4, 3, 4, 4, 3, 2, 4, 4, 2, 4, 4, 4, 4, 4, 4, 4, 4, 4, 1, 3, 4, 4, 4, 4, 4, 4, 4, 4, 4, 4, 4, 3, 4, 4, 4]

Side score avg percent = 0.332465469838
Across score avg percent = 0.327292275955
Side score percent breakdown = [0.41284403669724773, 0.2897196261682243, 0.3786407766990291, 0.2523364485981308, 0.24489795918367346, 0.5297450424929179, 0.6217303822937625, 0.514018691588785, 0.3497942386831276, 0.44554455445544555, 0.5311871227364185, 0.301556420233463, 0.4298245614035088, 0.3273809523809524, 0.37751004016064255, 0.22549019607843138, 0.1487603305785124, 0.3793103448275862, 0.2549019607843137, 0.2169811320754717, 0.3577981651376147, 0.33403361344537813, 0.5206073752711496, 0.3326226012793177, 0.4578096947935368, 0.3409090909090909, 0.37938144329896906, 0.33537832310838445, 0.37601626016260165, 0.3516483516483517, 0.3442622950819672, 0.3106796116504854, 0.4722222222222222, 0.17117117117117117, 0.17142857142857143, 0.21153846153846154, 0.5456852791878173, 0.42065491183879095, 0.3284518828451883, 0.4511627906976744, 0.28487229862475444, 0.4087301587301587, 0.3282275711159737, 0.4222689075630252, 0.23853211009174313, 0.2545454545454545, 0.27927927927927926, 0.22549019607843138, 0.555793991416309, 0.39732142857142855, 0.20952380952380953, 0.34913793103448276, 0.3333333333333333, 0.336283185840708, 0.34615384615384615, 0.4807692307692308, 0.22321428571428573, 0.2358490566037736, 0.2962962962962963, 0.21782178217821782, 0.3160493827160494, 0.510989010989011, 0.3813953488372093, 0.3320610687022901, 0.5615615615615616, 0.4372822299651568, 0.2670940170940171, 0.4016393442622951, 0.2829076620825147, 0.35070140280561124, 0.2975206611570248, 0.5567010309278351, 0.23076923076923078, 0.19469026548672566, 0.25, 0.2773109243697479, 0.3, 0.29591836734693877, 0.3947990543735225, 0.38476190476190475, 0.4178794178794179, 0.3218390804597701, 0.3075313807531381, 0.2924901185770751, 0.3231441048034934, 0.2605042016806723, 0.17073170731707318, 0.6106194690265486, 0.24528301886792453, 0.3076923076923077, 0.44660194174757284, 0.25, 0.4672897196261682, 0.2616822429906542, 0.43352601156069365, 0.3015267175572519, 0.35, 0.34210526315789475, 0.12350597609561753, 0.17796610169491525, 0.1792452830188679, 0.27884615384615385, 0.22330097087378642, 0.4889975550122249, 0.4335511982570806, 0.36683417085427134, 0.5094850948509485, 0.35845213849287166, 0.3254437869822485, 0.2805907172995781, 0.1652892561983471, 0.34, 0.45, 0.20833333333333334, 0.34210526315789475, 0.21153846153846154, 0.2884250474383302, 0.36929460580912865, 0.27350427350427353, 0.3306122448979592, 0.22018348623853212, 0.34545454545454546, 0.21739130434782608, 0.18867924528301888, 0.3592233009708738, 0.37160751565762007, 0.415929203539823, 0.41005802707930367, 0.39641434262948205, 0.33261802575107297, 0.20394736842105263, 0.3471615720524017, 0.2701612903225806, 0.2935222672064777, 0.46846846846846846, 0.384, 0.2909090909090909, 0.25742574257425743, 0.30392156862745096, 0.4396984924623116, 0.3646788990825688, 0.42234848484848486, 0.34574468085106386, 0.2627599243856333, 0.34851936218678814, 0.20512820512820512, 0.1810344827586207, 0.48484848484848486, 0.4126984126984127, 0.20175438596491227, 0.2631578947368421, 0.21782178217821782, 0.42630385487528344, 0.498, 0.2683982683982684, 0.4213197969543147, 0.5529157667386609, 0.258130081300813, 0.2965779467680608, 0.3107822410147992, 0.2545454545454545, 0.18518518518518517, 0.19811320754716982, 0.12871287128712872, 0.2018348623853211, 0.2815533980582524, 0.3099099099099099, 0.42016806722689076, 0.19152854511970535, 0.14960629921259844, 0.2980769230769231, 0.25, 0.3584905660377358, 0.3669724770642202, 0.42395437262357416, 0.48484848484848486, 0.46774193548387094, 0.2646420824295011, 0.37585421412300685, 0.24334600760456274]
Across score percent breakdown = [0.205607476635514, 0.5, 0.35, 0.3537117903930131, 0.28775510204081634, 0.3945409429280397, 0.023346303501945526, 0.2288135593220339, 0.5416666666666666, 0.46153846153846156, 0.32323232323232326, 0.32038834951456313, 0.4652777777777778, 0.22823984526112184, 0.205607476635514, 0.21238938053097345, 0.39814814814814814, 0.3939393939393939, 0.4116222760290557, 0.18181818181818182, 0.6610878661087866, 0.2708757637474542, 0.25379609544468545, 0.1794871794871795, 0.28703703703703703, 0.2153846153846154, 0.3382352941176471, 0.3150406504065041, 0.31291028446389496, 0.35714285714285715, 0.04132231404958678, 0.44, 0.3838383838383838, 0.32075471698113206, 0.31938325991189426, 0.29464285714285715, 0.38144329896907214, 0.32976827094474154, 0.2863849765258216, 0.46596858638743455, 0.2532347504621072, 0.27450980392156865, 0.44660194174757284, 0.12871287128712872, 0.1864406779661017, 0.25961538461538464, 0.3275488069414317, 0.3641509433962264, 0.37310195227765725, 0.24375, 0.4126984126984127, 0.4751958224543081, 0.32210526315789473, 0.3111587982832618, 0.3132530120481928, 0.3668032786885246, 0.38095238095238093, 0.19298245614035087, 0.21238938053097345, 0.2619047619047619, 0.3340080971659919, 0.27884615384615385, 0.3173076923076923, 0.1941747572815534, 0.35076252723311546, 0.2995689655172414, 0.2767676767676768, 0.3, 0.12015503875968993, 0.42727272727272725, 0.4146341463414634, 0.27358490566037735, 0.22641509433962265, 0.5894206549118388, 0.3597285067873303, 0.2230769230769231, 0.029914529914529916, 0.4444444444444444, 0.37142857142857144, 0.42857142857142855, 0.28118393234672306, 0.3821138211382114, 0.5217391304347826, 0.42574257425742573, 0.411214953271028, 0.18584070796460178, 0.29844961240310075, 0.328125, 0.4084507042253521, 0.25846702317290554, 0.4065040650406504, 0.4956521739130435, 0.5322245322245323, 0.382051282051282, 0.5161943319838057, 0.341991341991342, 0.04032258064516129, 0.32075471698113206, 0.2882882882882883, 0.3047619047619048, 0.508557457212714, 0.4358407079646018]
