Total side score = 961
Average side score = 2.97523219814
Side score breakdown = [4, 3, 3, 3, 3, 3, 4, 3, 4, 2, 4, 4, 1, 3, 3, 3, 4, 3, 4, 4, 4, 2, 3, 1, 4, 4, 1, 2, 4, 3, 3, 4, 1, 2, 2, 3, 2, 2, 3, 3, 4, 4, 4, 1, 2, 3, 1, 2, 1, 1, 2, 2, 3, 2, 3, 3, 4, 3, 1, 3, 3, 3, 4, 4, 3, 4, 2, 4, 4, 4, 4, 3, 4, 3, 4, 3, 4, 4, 3, 2, 4, 4, 2, 3, 1, 3, 4, 2, 4, 4, 1, 1, 2, 2, 1, 2, 2, 4, 4, 3, 4, 3, 2, 4, 3, 2, 4, 4, 4, 2, 4, 1, 2, 2, 4, 3, 4, 4, 3, 4, 4, 3, 4, 4, 3, 4, 2, 4, 3, 4, 4, 4, 4, 1, 4, 2, 3, 3, 4, 3, 4, 3, 3, 1, 3, 2, 4, 4, 2, 4, 4, 4, 1, 2, 4, 1, 4, 3, 1, 2, 2, 1, 3, 3, 4, 2, 3, 4, 2, 4, 4, 4, 2, 4, 2, 4, 1, 4, 3, 3, 2, 1, 3, 3, 4, 4, 4, 3, 4, 4, 2, 2, 2, 4, 4, 4, 2, 4, 1, 2, 1, 2, 2, 2, 2, 2, 4, 4, 3, 4, 4, 2, 3, 3, 4, 3, 3, 3, 4, 4, 4, 4, 4, 1, 3, 2, 3, 2, 3, 4, 4, 1, 1, 3, 4, 3, 2, 3, 2, 4, 3, 3, 3, 4, 3, 3, 4, 4, 4, 4, 4, 3, 3, 2, 1, 4, 1, 2, 3, 3, 4, 3, 4, 3, 1, 4, 3, 4, 4, 4, 4, 2, 4, 4, 4, 1, 4, 2, 3, 2, 3, 4, 3, 3, 3, 3, 1, 4, 2, 4, 3, 4, 2, 4, 4, 4, 4, 1, 2, 2, 3, 3, 2, 4, 2, 4, 3, 2, 1, 2, 3, 4, 4, 4, 2, 3, 3, 4, 3, 4, 2, 2, 3]

Total across score = 279
Average across score = 2.6320754717
Across score breakdown = [4, 2, 2, 4, 2, 3, 4, 3, 1, 2, 3, 4, 1, 3, 3, 4, 2, 2, 3, 3, 2, 4, 3, 4, 3, 3, 3, 1, 2, 3, 2, 4, 2, 3, 2, 2, 2, 3, 4, 4, 2, 2, 2, 3, 2, 1, 2, 2, 1, 4, 2, 2, 4, 4, 4, 3, 1, 3, 3, 2, 3, 3, 4, 3, 2, 2, 4, 3, 2, 2, 2, 4, 2, 1, 3, 4, 1, 1, 2, 4, 2, 3, 4, 2, 3, 4, 2, 3, 2, 2, 1, 3, 4, 2, 3, 2, 1, 3, 1, 2, 3, 3, 2, 3, 3, 4]

Side score avg percent = 0.290483425433
Across score avg percent = 0.243375484865
Side score percent breakdown = [0.2857142857142857, 0.23809523809523808, 0.2727272727272727, 0.2727272727272727, 0.28, 0.22727272727272727, 0.2727272727272727, 0.23809523809523808, 0.2608695652173913, 0.21052631578947367, 0.28, 0.3076923076923077, 0.1111111111111111, 0.2777777777777778, 0.22727272727272727, 0.2608695652173913, 0.37755102040816324, 0.4126984126984127, 0.37681159420289856, 0.38738738738738737, 0.43103448275862066, 0.24175824175824176, 0.2978723404255319, 0.24390243902439024, 0.29213483146067415, 0.4537037037037037, 0.22105263157894736, 0.17391304347826086, 0.2962962962962963, 0.30434782608695654, 0.20833333333333334, 0.35714285714285715, 0.13043478260869565, 0.17391304347826086, 0.14285714285714285, 0.2727272727272727, 0.16666666666666666, 0.19047619047619047, 0.2777777777777778, 0.40625, 0.4166666666666667, 0.3611111111111111, 0.3372093023255814, 0.24390243902439024, 0.32051282051282054, 0.24561403508771928, 0.1919191919191919, 0.24175824175824176, 0.18478260869565216, 0.21875, 0.21568627450980393, 0.21739130434782608, 0.24, 0.21739130434782608, 0.2631578947368421, 0.21739130434782608, 0.3076923076923077, 0.25, 0.14285714285714285, 0.19047619047619047, 0.20833333333333334, 0.23809523809523808, 0.2916666666666667, 0.4854368932038835, 0.32926829268292684, 0.4631578947368421, 0.28, 0.34285714285714286, 0.41, 0.33707865168539325, 0.4105263157894737, 0.26666666666666666, 0.31868131868131866, 0.2912621359223301, 0.2815533980582524, 0.2826086956521739, 0.35, 0.391304347826087, 0.21428571428571427, 0.19047619047619047, 0.2222222222222222, 0.28, 0.13636363636363635, 0.23076923076923078, 0.15789473684210525, 0.35365853658536583, 0.5148514851485149, 0.37142857142857144, 0.308411214953271, 0.47058823529411764, 0.22972972972972974, 0.21978021978021978, 0.3150684931506849, 0.2169811320754717, 0.26506024096385544, 0.26136363636363635, 0.21, 0.36666666666666664, 0.3333333333333333, 0.2727272727272727, 0.2857142857142857, 0.3333333333333333, 0.2, 0.36, 0.23809523809523808, 0.30864197530864196, 0.44086021505376344, 0.4044943820224719, 0.3958333333333333, 0.2727272727272727, 0.3854166666666667, 0.20481927710843373, 0.2631578947368421, 0.24719101123595505, 0.32978723404255317, 0.29292929292929293, 0.24, 0.3181818181818182, 0.25, 0.2916666666666667, 0.2916666666666667, 0.25, 0.3076923076923077, 0.28, 0.17857142857142858, 0.20833333333333334, 0.17647058823529413, 0.5274725274725275, 0.33695652173913043, 0.375, 0.32673267326732675, 0.38317757009345793, 0.36046511627906974, 0.1958762886597938, 0.3111111111111111, 0.23300970873786409, 0.19230769230769232, 0.24, 0.3448275862068966, 0.24, 0.2857142857142857, 0.20833333333333334, 0.2, 0.15789473684210525, 0.25, 0.18181818181818182, 0.21428571428571427, 0.49038461538461536, 0.2911392405063291, 0.5046728971962616, 0.46153846153846156, 0.425, 0.2676056338028169, 0.3382352941176471, 0.3645833333333333, 0.1590909090909091, 0.44047619047619047, 0.2857142857142857, 0.17045454545454544, 0.29069767441860467, 0.24242424242424243, 0.19148936170212766, 0.35, 0.22727272727272727, 0.3103448275862069, 0.22727272727272727, 0.25, 0.24, 0.2, 0.3707865168539326, 0.49557522123893805, 0.3854166666666667, 0.26881720430107525, 0.5411764705882353, 0.4153846153846154, 0.42696629213483145, 0.26666666666666666, 0.4491525423728814, 0.29473684210526313, 0.2857142857142857, 0.2804878048780488, 0.2125, 0.2988505747126437, 0.2604166666666667, 0.28, 0.25925925925925924, 0.2857142857142857, 0.2, 0.3333333333333333, 0.24, 0.19047619047619047, 0.3333333333333333, 0.27884615384615385, 0.42201834862385323, 0.33663366336633666, 0.45569620253164556, 0.32558139534883723, 0.25217391304347825, 0.24050632911392406, 0.24719101123595505, 0.18947368421052632, 0.29213483146067415, 0.2676056338028169, 0.23, 0.28888888888888886, 0.23076923076923078, 0.28431372549019607, 0.2857142857142857, 0.25, 0.3181818181818182, 0.28, 0.19047619047619047, 0.2, 0.34782608695652173, 0.34782608695652173, 0.22727272727272727, 0.21739130434782608, 0.21739130434782608, 0.47959183673469385, 0.3225806451612903, 0.4444444444444444, 0.41935483870967744, 0.37719298245614036, 0.25, 0.3225806451612903, 0.3484848484848485, 0.32558139534883723, 0.19791666666666666, 0.26666666666666666, 0.391304347826087, 0.3953488372093023, 0.21686746987951808, 0.1958762886597938, 0.28, 0.2692307692307692, 0.24, 0.17391304347826086, 0.23076923076923078, 0.2, 0.3181818181818182, 0.2222222222222222, 0.21739130434782608, 0.25, 0.28, 0.25, 0.21739130434782608, 0.46987951807228917, 0.4358974358974359, 0.37037037037037035, 0.42857142857142855, 0.3707865168539326, 0.3137254901960784, 0.26, 0.3253012048192771, 0.24705882352941178, 0.26605504587155965, 0.22448979591836735, 0.2, 0.21739130434782608, 0.2916666666666667, 0.30434782608695654, 0.23809523809523808, 0.25925925925925924, 0.23076923076923078, 0.23529411764705882, 0.1935483870967742, 0.37209302325581395, 0.45454545454545453, 0.5393258426966292, 0.42857142857142855, 0.3333333333333333, 0.4166666666666667, 0.36792452830188677, 0.34579439252336447, 0.3684210526315789, 0.27631578947368424, 0.35185185185185186, 0.24242424242424243, 0.27586206896551724, 0.2857142857142857, 0.2604166666666667, 0.2727272727272727, 0.19047619047619047, 0.2727272727272727, 0.3, 0.29411764705882354, 0.15789473684210525, 0.3684210526315789, 0.2826086956521739, 0.35051546391752575, 0.3956043956043956, 0.32710280373831774, 0.2765957446808511, 0.3611111111111111, 0.33636363636363636, 0.4166666666666667, 0.32222222222222224, 0.20454545454545456, 0.22772277227722773, 0.22857142857142856, 0.25925925925925924, 0.22727272727272727, 0.23809523809523808, 0.2857142857142857, 0.14285714285714285, 0.2962962962962963, 0.21052631578947367, 0.10526315789473684, 0.15, 0.17391304347826086, 0.3707865168539326, 0.475, 0.5128205128205128, 0.32954545454545453, 0.24675324675324675, 0.25510204081632654, 0.2988505747126437, 0.34951456310679613, 0.3055555555555556, 0.2980769230769231, 0.25925925925925924, 0.21359223300970873, 0.27884615384615385]
Across score percent breakdown = [0.22727272727272727, 0.20224719101123595, 0.29069767441860467, 0.3939393939393939, 0.23232323232323232, 0.29896907216494845, 0.28, 0.24742268041237114, 0.11926605504587157, 0.13636363636363635, 0.34285714285714286, 0.34710743801652894, 0.17525773195876287, 0.21739130434782608, 0.25688073394495414, 0.3559322033898305, 0.26744186046511625, 0.25252525252525254, 0.23255813953488372, 0.31, 0.15833333333333333, 0.2647058823529412, 0.2689075630252101, 0.32, 0.2727272727272727, 0.24, 0.23423423423423423, 0.19148936170212766, 0.24, 0.26373626373626374, 0.2072072072072072, 0.3, 0.2, 0.25806451612903225, 0.21978021978021978, 0.18446601941747573, 0.15315315315315314, 0.24324324324324326, 0.391304347826087, 0.38461538461538464, 0.18181818181818182, 0.16666666666666666, 0.24675324675324675, 0.24509803921568626, 0.2087912087912088, 0.1717171717171717, 0.2826086956521739, 0.1896551724137931, 0.14285714285714285, 0.27586206896551724, 0.14285714285714285, 0.13636363636363635, 0.38271604938271603, 0.3310344827586207, 0.25, 0.2376237623762376, 0.15789473684210525, 0.2978723404255319, 0.2222222222222222, 0.16, 0.25, 0.2830188679245283, 0.3879310344827586, 0.27884615384615385, 0.23863636363636365, 0.21153846153846154, 0.35714285714285715, 0.21428571428571427, 0.25, 0.22093023255813954, 0.21296296296296297, 0.26605504587155965, 0.1958762886597938, 0.16831683168316833, 0.288135593220339, 0.3103448275862069, 0.13761467889908258, 0.21875, 0.21649484536082475, 0.30327868852459017, 0.14285714285714285, 0.2708333333333333, 0.42045454545454547, 0.27, 0.22131147540983606, 0.25925925925925924, 0.11538461538461539, 0.2765957446808511, 0.20754716981132076, 0.2077922077922078, 0.1415929203539823, 0.22727272727272727, 0.3333333333333333, 0.19047619047619047, 0.24324324324324326, 0.2717391304347826, 0.16483516483516483, 0.2631578947368421, 0.1782178217821782, 0.2, 0.22727272727272727, 0.2727272727272727, 0.2755102040816326, 0.2413793103448276, 0.2767857142857143, 0.27522935779816515]
