Total side score = 551
Average side score = 2.91534391534
Side score breakdown = [4, 4, 3, 2, 4, 3, 4, 4, 2, 4, 3, 2, 2, 3, 4, 4, 3, 3, 4, 4, 4, 2, 2, 3, 2, 2, 3, 3, 3, 3, 2, 4, 3, 4, 3, 3, 4, 3, 4, 3, 3, 3, 3, 4, 3, 2, 2, 2, 2, 1, 3, 3, 4, 2, 4, 4, 1, 2, 2, 3, 4, 3, 3, 3, 4, 3, 4, 3, 2, 2, 3, 1, 4, 2, 3, 3, 2, 2, 1, 2, 2, 4, 3, 4, 4, 4, 4, 4, 3, 1, 2, 3, 3, 3, 3, 4, 3, 3, 4, 4, 1, 3, 4, 3, 1, 3, 3, 2, 3, 2, 2, 2, 4, 4, 2, 4, 2, 2, 3, 4, 4, 4, 3, 1, 4, 3, 4, 4, 2, 2, 4, 3, 3, 4, 3, 1, 4, 1, 2, 2, 2, 3, 4, 2, 3, 1, 1, 1, 2, 4, 2, 4, 3, 4, 2, 3, 2, 4, 4, 3, 3, 3, 4, 4, 4, 4, 3, 4, 2, 4, 2, 2, 3, 3, 2, 1, 3, 2, 3, 4, 3, 2, 3, 4, 2, 3, 4, 4, 2]

Total across score = 0
Across score breakdown = []

Side score avg percent = 0.277075008097
Side score percent breakdown = [0.2857142857142857, 0.22727272727272727, 0.2222222222222222, 0.2631578947368421, 0.2608695652173913, 0.2727272727272727, 0.3939393939393939, 0.3300970873786408, 0.23232323232323232, 0.38095238095238093, 0.30337078651685395, 0.2247191011235955, 0.20202020202020202, 0.25, 0.30434782608695654, 0.3, 0.18181818181818182, 0.2, 0.34710743801652894, 0.39622641509433965, 0.42105263157894735, 0.3023255813953488, 0.21782178217821782, 0.23809523809523808, 0.17391304347826086, 0.26744186046511625, 0.4074074074074074, 0.23255813953488372, 0.34065934065934067, 0.31, 0.15833333333333333, 0.3409090909090909, 0.2840909090909091, 0.37662337662337664, 0.2689075630252101, 0.24, 0.38095238095238093, 0.23809523809523808, 0.25, 0.2727272727272727, 0.2857142857142857, 0.2, 0.4642857142857143, 0.39080459770114945, 0.25, 0.24074074074074073, 0.2072072072072072, 0.2, 0.21153846153846154, 0.1935483870967742, 0.22727272727272727, 0.20833333333333334, 0.3465346534653465, 0.21428571428571427, 0.44565217391304346, 0.3958333333333333, 0.21621621621621623, 0.18446601941747573, 0.15315315315315314, 0.24324324324324326, 0.2857142857142857, 0.3125, 0.26262626262626265, 0.2765957446808511, 0.30434782608695654, 0.2777777777777778, 0.38461538461538464, 0.21052631578947367, 0.24675324675324675, 0.27906976744186046, 0.2980769230769231, 0.2714285714285714, 0.43157894736842106, 0.2087912087912088, 0.30097087378640774, 0.2948717948717949, 0.21, 0.1896551724137931, 0.14285714285714285, 0.21428571428571427, 0.24468085106382978, 0.27586206896551724, 0.23809523809523808, 0.38271604938271603, 0.3310344827586207, 0.47058823529411764, 0.4827586206896552, 0.25, 0.2376237623762376, 0.15789473684210525, 0.24468085106382978, 0.2839506172839506, 0.2222222222222222, 0.2871287128712871, 0.2708333333333333, 0.23076923076923078, 0.2727272727272727, 0.25, 0.25925925925925924, 0.3879310344827586, 0.3188405797101449, 0.27884615384615385, 0.35555555555555557, 0.27184466019417475, 0.20481927710843373, 0.31683168316831684, 0.2857142857142857, 0.23529411764705882, 0.21739130434782608, 0.17391304347826086, 0.25, 0.22093023255813954, 0.5648148148148148, 0.26605504587155965, 0.1958762886597938, 0.42424242424242425, 0.21978021978021978, 0.2808988764044944, 0.288135593220339, 0.3813559322033898, 0.3103448275862069, 0.28, 0.3, 0.16666666666666666, 0.2413793103448276, 0.23076923076923078, 0.46078431372549017, 0.4444444444444444, 0.27586206896551724, 0.21649484536082475, 0.4, 0.32941176470588235, 0.3157894736842105, 0.30327868852459017, 0.20388349514563106, 0.15789473684210525, 0.2608695652173913, 0.125, 0.2222222222222222, 0.17857142857142858, 0.14285714285714285, 0.2708333333333333, 0.39215686274509803, 0.3068181818181818, 0.22131147540983606, 0.1568627450980392, 0.23376623376623376, 0.15789473684210525, 0.18181818181818182, 0.2727272727272727, 0.15, 0.35, 0.20833333333333334, 0.2727272727272727, 0.19047619047619047, 0.2765957446808511, 0.20754716981132076, 0.56, 0.3488372093023256, 0.36363636363636365, 0.3488372093023256, 0.2608695652173913, 0.3917525773195876, 0.3707865168539326, 0.2413793103448276, 0.3333333333333333, 0.28, 0.25925925925925924, 0.17647058823529413, 0.2608695652173913, 0.23863636363636365, 0.2717391304347826, 0.28125, 0.2631578947368421, 0.2222222222222222, 0.16483516483516483, 0.2608695652173913, 0.21052631578947367, 0.21739130434782608, 0.2857142857142857, 0.34408602150537637, 0.2608695652173913, 0.2549019607843137, 0.4588235294117647, 0.25555555555555554, 0.3263157894736842, 0.39805825242718446, 0.27522935779816515, 0.25]
Across score percent breakdown = []
