Total side score = 666
Average side score = 2.87068965517
Side score breakdown = [3, 3, 2, 3, 2, 1, 4, 3, 3, 4, 4, 3, 2, 3, 1, 1, 3, 2, 4, 3, 3, 3, 4, 4, 4, 3, 3, 1, 4, 1, 1, 3, 2, 2, 4, 2, 3, 2, 4, 2, 2, 3, 2, 4, 4, 2, 3, 2, 4, 2, 2, 1, 3, 4, 3, 2, 3, 4, 4, 3, 4, 3, 2, 3, 1, 4, 3, 4, 2, 2, 3, 3, 2, 3, 2, 1, 2, 2, 4, 4, 3, 4, 3, 4, 4, 4, 4, 3, 3, 4, 1, 1, 1, 1, 1, 3, 3, 4, 3, 3, 4, 4, 1, 1, 1, 1, 1, 3, 3, 1, 3, 2, 4, 4, 2, 4, 4, 4, 2, 4, 1, 3, 3, 2, 4, 4, 4, 2, 4, 4, 2, 4, 2, 3, 2, 4, 4, 2, 4, 1, 3, 1, 4, 2, 3, 3, 4, 3, 1, 4, 3, 4, 3, 3, 3, 2, 1, 2, 3, 2, 3, 3, 4, 4, 3, 2, 4, 4, 4, 4, 4, 2, 3, 3, 4, 3, 4, 3, 3, 2, 2, 1, 4, 4, 1, 2, 4, 3, 3, 3, 4, 4, 4, 3, 2, 2, 3, 3, 4, 4, 4, 4, 4, 3, 2, 4, 4, 4, 4, 2, 1, 2, 2, 2, 4, 2, 3, 4, 4, 4, 2, 3, 3, 3, 4, 2, 4, 4, 2, 2, 3, 2]

Total across score = 524
Average across score = 3.44736842105
Across score breakdown = [4, 3, 4, 2, 4, 3, 4, 4, 4, 3, 2, 4, 4, 4, 4, 3, 3, 4, 4, 4, 4, 2, 3, 4, 3, 3, 2, 3, 4, 4, 3, 4, 4, 4, 4, 4, 4, 4, 4, 3, 4, 4, 4, 3, 4, 3, 3, 4, 4, 4, 2, 4, 2, 4, 4, 3, 4, 4, 3, 4, 2, 4, 4, 4, 4, 2, 4, 4, 3, 3, 2, 3, 4, 3, 4, 4, 4, 4, 4, 4, 4, 3, 4, 3, 4, 4, 4, 4, 4, 3, 3, 3, 4, 4, 4, 4, 4, 4, 2, 3, 4, 3, 2, 3, 4, 4, 4, 4, 3, 4, 2, 3, 4, 3, 1, 4, 3, 1, 3, 4, 4, 4, 4, 2, 3, 2, 3, 3, 4, 4, 4, 3, 3, 3, 3, 4, 4, 3, 4, 3, 3, 2, 4, 3, 3, 4, 4, 4, 3, 3, 4, 3]

Side score avg percent = 0.257570338773
Across score avg percent = 0.321285954006
Side score percent breakdown = [0.22727272727272727, 0.24, 0.23809523809523808, 0.23809523809523808, 0.2631578947368421, 0.1111111111111111, 0.2857142857142857, 0.22727272727272727, 0.25, 0.37681159420289856, 0.38738738738738737, 0.29896907216494845, 0.24175824175824176, 0.2978723404255319, 0.24390243902439024, 0.17307692307692307, 0.26595744680851063, 0.22549019607843138, 0.25, 0.20833333333333334, 0.22727272727272727, 0.28, 0.32, 0.4166666666666667, 0.3611111111111111, 0.25688073394495414, 0.24561403508771928, 0.1919191919191919, 0.30392156862745096, 0.18478260869565216, 0.21875, 0.3026315789473684, 0.25, 0.24719101123595505, 0.07317073170731707, 0.21739130434782608, 0.2631578947368421, 0.23529411764705882, 0.34782608695652173, 0.17391304347826086, 0.17391304347826086, 0.2, 0.25252525252525254, 0.34285714285714286, 0.32989690721649484, 0.15833333333333333, 0.2912621359223301, 0.16494845360824742, 0.2815533980582524, 0.24489795918367346, 0.26373626373626374, 0.18681318681318682, 0.21428571428571427, 0.25, 0.20833333333333334, 0.13636363636363635, 0.2857142857142857, 0.3333333333333333, 0.5148514851485149, 0.24242424242424243, 0.308411214953271, 0.25, 0.2169811320754717, 0.2523364485981308, 0.24096385542168675, 0.2803738317757009, 0.21359223300970873, 0.3684210526315789, 0.2, 0.16, 0.23809523809523808, 0.20833333333333334, 0.18181818181818182, 0.2978723404255319, 0.15315315315315314, 0.20481927710843373, 0.22727272727272727, 0.2159090909090909, 0.30434782608695654, 0.2916666666666667, 0.2727272727272727, 0.2916666666666667, 0.25, 0.3076923076923077, 0.36, 0.3333333333333333, 0.38461538461538464, 0.21052631578947367, 0.2727272727272727, 0.32673267326732675, 0.15053763440860216, 0.1717171717171717, 0.1958762886597938, 0.1935483870967742, 0.23655913978494625, 0.3103448275862069, 0.23809523809523808, 0.3181818181818182, 0.25, 0.2, 0.3310344827586207, 0.46153846153846156, 0.20833333333333334, 0.22, 0.15789473684210525, 0.1590909090909091, 0.17045454545454544, 0.29591836734693877, 0.23469387755102042, 0.20212765957446807, 0.26881720430107525, 0.2268041237113402, 0.3103448275862069, 0.25925925925925924, 0.22727272727272727, 0.2727272727272727, 0.25, 0.3854166666666667, 0.26881720430107525, 0.5411764705882353, 0.26666666666666666, 0.2857142857142857, 0.2653061224489796, 0.2127659574468085, 0.35714285714285715, 0.28, 0.24, 0.2, 0.34615384615384615, 0.3333333333333333, 0.17391304347826086, 0.24, 0.19047619047619047, 0.2857142857142857, 0.21296296296296297, 0.33663366336633666, 0.45569620253164556, 0.2079207920792079, 0.25217391304347825, 0.24050632911392406, 0.24752475247524752, 0.16831683168316833, 0.27358490566037735, 0.23076923076923078, 0.24770642201834864, 0.27835051546391754, 0.28, 0.3, 0.16666666666666666, 0.2857142857142857, 0.3157894736842105, 0.2692307692307692, 0.22727272727272727, 0.2608695652173913, 0.23809523809523808, 0.21904761904761905, 0.18446601941747573, 0.19791666666666666, 0.26666666666666666, 0.2625, 0.32558139534883723, 0.05952380952380952, 0.2692307692307692, 0.3076923076923077, 0.23076923076923078, 0.2, 0.2962962962962963, 0.2608695652173913, 0.35, 0.2916666666666667, 0.2608695652173913, 0.2222222222222222, 0.25, 0.23809523809523808, 0.391304347826087, 0.22727272727272727, 0.42857142857142855, 0.3018867924528302, 0.26, 0.23529411764705882, 0.21875, 0.15789473684210525, 0.2727272727272727, 0.30434782608695654, 0.13043478260869565, 0.15, 0.28, 0.25, 0.20833333333333334, 0.2, 0.2571428571428571, 0.36792452830188677, 0.34579439252336447, 0.25, 0.1875, 0.24242424242424243, 0.27586206896551724, 0.07407407407407407, 0.2413793103448276, 0.30434782608695654, 0.2727272727272727, 0.3333333333333333, 0.25925925925925924, 0.24, 0.23863636363636365, 0.35051546391752575, 0.32710280373831774, 0.33636363636363636, 0.32222222222222224, 0.2608695652173913, 0.21686746987951808, 0.22772277227722773, 0.22857142857142856, 0.22549019607843138, 0.3163265306122449, 0.18888888888888888, 0.22727272727272727, 0.2857142857142857, 0.2962962962962963, 0.25925925925925924, 0.25, 0.21052631578947367, 0.23809523809523808, 0.2857142857142857, 0.32967032967032966, 0.24675324675324675, 0.2608695652173913, 0.34951456310679613, 0.21359223300970873, 0.24175824175824176, 0.2736842105263158, 0.22826086956521738]
Across score percent breakdown = [0.2857142857142857, 0.23809523809523808, 0.2857142857142857, 0.21052631578947367, 0.28, 0.2727272727272727, 0.514018691588785, 0.3592233009708738, 0.38095238095238093, 0.30337078651685395, 0.17391304347826086, 0.2962962962962963, 0.30434782608695654, 0.34615384615384615, 0.3, 0.2727272727272727, 0.2727272727272727, 0.2857142857142857, 0.3364485981308411, 0.3333333333333333, 0.42105263157894735, 0.32051282051282054, 0.29896907216494845, 0.38202247191011235, 0.2647058823529412, 0.23809523809523808, 0.21739130434782608, 0.2, 0.25, 0.3076923076923077, 0.25, 0.4854368932038835, 0.38738738738738737, 0.4157303370786517, 0.44339622641509435, 0.4105263157894737, 0.3409090909090909, 0.37662337662337664, 0.3118279569892473, 0.24, 0.35, 0.391304347826087, 0.38095238095238093, 0.21739130434782608, 0.32, 0.2, 0.4642857142857143, 0.4659090909090909, 0.3564356435643564, 0.33980582524271846, 0.24074074074074073, 0.3333333333333333, 0.21153846153846154, 0.36666666666666664, 0.3333333333333333, 0.25, 0.3333333333333333, 0.23809523809523808, 0.3333333333333333, 0.3465346534653465, 0.21428571428571427, 0.39805825242718446, 0.3958333333333333, 0.2857142857142857, 0.24, 0.25, 0.2916666666666667, 0.5274725274725275, 0.2980769230769231, 0.30097087378640774, 0.21, 0.2553191489361702, 0.2608695652173913, 0.2727272727272727, 0.2916666666666667, 0.49038461538461536, 0.47058823529411764, 0.39622641509433965, 0.45161290322580644, 0.36607142857142855, 0.3645833333333333, 0.2839506172839506, 0.30526315789473685, 0.35, 0.23076923076923078, 0.2916666666666667, 0.32142857142857145, 0.34782608695652173, 0.4339622641509434, 0.29473684210526313, 0.2916666666666667, 0.27184466019417475, 0.2916666666666667, 0.28, 0.2727272727272727, 0.2916666666666667, 0.3853211009174312, 0.42424242424242425, 0.2808988764044944, 0.2608695652173913, 0.2857142857142857, 0.25, 0.25, 0.23076923076923078, 0.46078431372549017, 0.5119047619047619, 0.3854166666666667, 0.3645833333333333, 0.3225806451612903, 0.4, 0.3484848484848485, 0.3157894736842105, 0.30701754385964913, 0.20388349514563106, 0.15789473684210525, 0.3181818181818182, 0.2222222222222222, 0.125, 0.2857142857142857, 0.46987951807228917, 0.3711340206185567, 0.3917525773195876, 0.36363636363636365, 0.3068181818181818, 0.3137254901960784, 0.18181818181818182, 0.2857142857142857, 0.37209302325581395, 0.38235294117647056, 0.45714285714285713, 0.43333333333333335, 0.2608695652173913, 0.29213483146067415, 0.29411764705882354, 0.21739130434782608, 0.4772727272727273, 0.3611111111111111, 0.28125, 0.297029702970297, 0.25925925925925924, 0.2608695652173913, 0.21052631578947367, 0.2857142857142857, 0.34408602150537637, 0.3707865168539326, 0.3673469387755102, 0.4787234042553192, 0.4588235294117647, 0.2988505747126437, 0.3263157894736842, 0.3402061855670103, 0.24752475247524752]
