Total side score = 400
Average side score = 2.9197080292
Side score breakdown = [3, 2, 4, 3, 4, 4, 4, 3, 1, 1, 4, 4, 3, 3, 1, 4, 4, 4, 2, 4, 2, 4, 4, 3, 4, 2, 3, 4, 3, 4, 4, 4, 1, 1, 4, 3, 1, 2, 4, 3, 1, 2, 4, 3, 2, 2, 2, 4, 1, 2, 3, 3, 3, 4, 2, 4, 2, 3, 3, 2, 3, 1, 3, 3, 2, 4, 4, 4, 1, 3, 4, 3, 1, 4, 4, 3, 4, 4, 1, 3, 3, 3, 3, 4, 4, 2, 3, 2, 3, 4, 4, 2, 2, 4, 3, 3, 1, 4, 1, 4, 4, 2, 3, 4, 3, 2, 4, 4, 3, 1, 4, 1, 3, 4, 4, 3, 1, 3, 4, 4, 3, 1, 4, 3, 2, 1, 1, 2, 4, 2, 4, 4, 3, 3, 3, 4, 3]

Total across score = 682
Average across score = 2.99122807018
Across score breakdown = [3, 3, 3, 4, 3, 4, 2, 1, 3, 3, 4, 3, 4, 3, 4, 3, 1, 3, 2, 2, 3, 4, 1, 4, 2, 2, 4, 4, 3, 4, 1, 2, 2, 3, 2, 1, 2, 3, 1, 2, 3, 4, 2, 4, 4, 3, 2, 1, 3, 3, 2, 3, 4, 3, 3, 3, 4, 3, 4, 4, 2, 2, 2, 3, 3, 1, 2, 2, 2, 1, 4, 4, 4, 3, 1, 2, 3, 1, 3, 3, 4, 4, 4, 4, 2, 4, 3, 1, 4, 1, 4, 1, 4, 3, 3, 3, 3, 3, 4, 4, 4, 3, 1, 3, 3, 2, 1, 4, 4, 4, 3, 4, 4, 3, 2, 4, 4, 4, 2, 2, 2, 4, 4, 4, 4, 4, 3, 2, 4, 4, 4, 4, 4, 3, 2, 4, 2, 2, 3, 1, 4, 3, 3, 4, 4, 3, 4, 3, 3, 2, 4, 4, 4, 1, 3, 3, 2, 3, 3, 3, 3, 2, 4, 4, 4, 3, 4, 2, 3, 4, 2, 3, 4, 3, 1, 3, 4, 4, 3, 2, 4, 3, 3, 4, 4, 4, 2, 3, 4, 4, 2, 3, 4, 1, 1, 4, 3, 4, 4, 2, 3, 4, 4, 4, 4, 1, 4, 2, 2, 2, 4, 2, 4, 3, 2, 3, 2, 4, 4, 2, 4, 4, 4, 3, 4, 3, 2, 4]

Side score avg percent = 0.264956922402
Across score avg percent = 0.285281857909
Side score percent breakdown = [0.24, 0.23809523809523808, 0.2857142857142857, 0.2608695652173913, 0.3939393939393939, 0.514018691588785, 0.43103448275862066, 0.24742268041237114, 0.17307692307692307, 0.22105263157894736, 0.34615384615384615, 0.25, 0.20833333333333334, 0.28, 0.17525773195876287, 0.3333333333333333, 0.38202247191011235, 0.30392156862745096, 0.21568627450980393, 0.07317073170731707, 0.23529411764705882, 0.2916666666666667, 0.4157303370786517, 0.2689075630252101, 0.3118279569892473, 0.16494845360824742, 0.2826086956521739, 0.32, 0.21739130434782608, 0.25, 0.25, 0.28, 0.15789473684210525, 0.19148936170212766, 0.3564356435643564, 0.24242424242424243, 0.22972972972972974, 0.2072072072072072, 0.3333333333333333, 0.2523364485981308, 0.24096385542168675, 0.21, 0.3333333333333333, 0.22727272727272727, 0.2, 0.16, 0.21978021978021978, 0.39805825242718446, 0.21621621621621623, 0.22727272727272727, 0.29292929292929293, 0.2765957446808511, 0.2727272727272727, 0.2916666666666667, 0.16666666666666666, 0.2916666666666667, 0.22727272727272727, 0.2727272727272727, 0.24509803921568626, 0.1896551724137931, 0.2571428571428571, 0.1935483870967742, 0.2727272727272727, 0.20833333333333334, 0.13636363636363635, 0.2916666666666667, 0.25, 0.45161290322580644, 0.20833333333333334, 0.2222222222222222, 0.30526315789473685, 0.29591836734693877, 0.19148936170212766, 0.2916666666666667, 0.25925925925925924, 0.2727272727272727, 0.34782608695652173, 0.4339622641509434, 0.3188405797101449, 0.2916666666666667, 0.2653061224489796, 0.2604166666666667, 0.31683168316831684, 0.28, 0.24, 0.2, 0.2, 0.2079207920792079, 0.288135593220339, 0.27358490566037735, 0.28431372549019607, 0.25, 0.2, 0.3181818181818182, 0.2, 0.2608695652173913, 0.21875, 0.3854166666666667, 0.25, 0.30327868852459017, 0.30701754385964913, 0.2625, 0.05952380952380952, 0.3076923076923077, 0.2857142857142857, 0.17857142857142858, 0.42045454545454547, 0.3917525773195876, 0.22131147540983606, 0.1568627450980392, 0.25925925925925924, 0.13043478260869565, 0.2857142857142857, 0.45714285714285713, 0.2571428571428571, 0.36363636363636365, 0.17525773195876287, 0.07407407407407407, 0.30434782608695654, 0.2727272727272727, 0.21739130434782608, 0.15789473684210525, 0.4772727272727273, 0.2631578947368421, 0.2608695652173913, 0.21686746987951808, 0.16483516483516483, 0.2, 0.2857142857142857, 0.17391304347826086, 0.4787234042553192, 0.32967032967032966, 0.25510204081632654, 0.2549019607843137, 0.2767857142857143, 0.3402061855670103, 0.27884615384615385]
Across score percent breakdown = [0.2727272727272727, 0.28, 0.22727272727272727, 0.2727272727272727, 0.25, 0.3076923076923077, 0.2631578947368421, 0.1111111111111111, 0.25, 0.25, 0.37755102040816324, 0.4126984126984127, 0.37681159420289856, 0.36904761904761907, 0.35514018691588783, 0.2978723404255319, 0.24390243902439024, 0.28421052631578947, 0.22549019607843138, 0.26804123711340205, 0.20833333333333334, 0.35714285714285715, 0.13043478260869565, 0.24, 0.16666666666666666, 0.19047619047619047, 0.39622641509433965, 0.3611111111111111, 0.375, 0.28865979381443296, 0.1919191919191919, 0.24175824175824176, 0.21782178217821782, 0.2169811320754717, 0.24719101123595505, 0.20192307692307693, 0.21739130434782608, 0.2631578947368421, 0.14285714285714285, 0.17391304347826086, 0.2, 0.4631578947368421, 0.28, 0.34285714285714286, 0.31868131868131866, 0.2912621359223301, 0.26373626373626374, 0.18681318681318682, 0.21428571428571427, 0.23809523809523808, 0.21052631578947367, 0.20833333333333334, 0.30434782608695654, 0.23076923076923078, 0.2857142857142857, 0.3157894736842105, 0.39080459770114945, 0.35365853658536583, 0.5148514851485149, 0.36633663366336633, 0.2222222222222222, 0.3150684931506849, 0.2169811320754717, 0.25510204081632654, 0.21359223300970873, 0.20481927710843373, 0.24, 0.20833333333333334, 0.23809523809523808, 0.2222222222222222, 0.44565217391304346, 0.3300970873786408, 0.3854166666666667, 0.3125, 0.20481927710843373, 0.2631578947368421, 0.3229166666666667, 0.23684210526315788, 0.27722772277227725, 0.25, 0.2916666666666667, 0.30434782608695654, 0.2916666666666667, 0.3333333333333333, 0.22727272727272727, 0.2916666666666667, 0.17857142857142858, 0.2714285714285714, 0.43434343434343436, 0.3230769230769231, 0.36046511627906974, 0.1958762886597938, 0.3111111111111111, 0.3103448275862069, 0.27358490566037735, 0.23809523809523808, 0.24, 0.2, 0.5046728971962616, 0.46153846153846156, 0.44047619047619047, 0.2857142857142857, 0.17045454545454544, 0.2871287128712871, 0.26881720430107525, 0.2268041237113402, 0.20481927710843373, 0.3103448275862069, 0.2727272727272727, 0.25, 0.25, 0.24, 0.25, 0.19047619047619047, 0.26881720430107525, 0.5411764705882353, 0.3269230769230769, 0.35555555555555557, 0.2804878048780488, 0.2127659574468085, 0.24210526315789474, 0.28, 0.25925925925925924, 0.34615384615384615, 0.3, 0.32, 0.21739130434782608, 0.17391304347826086, 0.42201834862385323, 0.5648148148148148, 0.33663366336633666, 0.45569620253164556, 0.37254901960784315, 0.24752475247524752, 0.29213483146067415, 0.3813559322033898, 0.2676056338028169, 0.23, 0.27835051546391754, 0.22105263157894736, 0.3181818181818182, 0.3, 0.3157894736842105, 0.2692307692307692, 0.2727272727272727, 0.34782608695652173, 0.34782608695652173, 0.22727272727272727, 0.21739130434782608, 0.27586206896551724, 0.3225806451612903, 0.4444444444444444, 0.3854166666666667, 0.18446601941747573, 0.24786324786324787, 0.32558139534883723, 0.19791666666666666, 0.26666666666666666, 0.297029702970297, 0.3118279569892473, 0.24, 0.17391304347826086, 0.35, 0.2916666666666667, 0.30434782608695654, 0.25, 0.28, 0.2222222222222222, 0.22727272727272727, 0.42857142857142855, 0.2872340425531915, 0.3018867924528302, 0.3372093023255814, 0.26, 0.23376623376623376, 0.2916666666666667, 0.2727272727272727, 0.30434782608695654, 0.23076923076923078, 0.22727272727272727, 0.2727272727272727, 0.23076923076923078, 0.2, 0.5393258426966292, 0.42857142857142855, 0.3333333333333333, 0.1875, 0.27, 0.35185185185185186, 0.3917525773195876, 0.24242424242424243, 0.27586206896551724, 0.3684210526315789, 0.1839080459770115, 0.2247191011235955, 0.2727272727272727, 0.19047619047619047, 0.2413793103448276, 0.3333333333333333, 0.17647058823529413, 0.24, 0.35051546391752575, 0.34951456310679613, 0.4166666666666667, 0.32222222222222224, 0.20454545454545456, 0.3163265306122449, 0.18888888888888888, 0.25, 0.23809523809523808, 0.2857142857142857, 0.14285714285714285, 0.3333333333333333, 0.21052631578947367, 0.10526315789473684, 0.2857142857142857, 0.17391304347826086, 0.475, 0.5128205128205128, 0.3111111111111111, 0.3958333333333333, 0.2608695652173913, 0.39805825242718446, 0.3055555555555556, 0.2980769230769231, 0.3020833333333333, 0.22826086956521738, 0.2815533980582524]
