Total side score = 609
Average side score = 3.0
Side score breakdown = [4, 4, 3, 3, 3, 4, 4, 1, 3, 2, 3, 2, 2, 4, 3, 4, 4, 4, 3, 4, 3, 4, 4, 3, 3, 2, 3, 2, 1, 4, 4, 2, 3, 3, 4, 4, 3, 3, 2, 2, 1, 4, 2, 3, 4, 3, 4, 3, 4, 4, 4, 2, 2, 4, 4, 3, 1, 2, 4, 4, 2, 1, 2, 3, 4, 2, 3, 1, 3, 2, 4, 4, 2, 4, 1, 4, 1, 1, 3, 4, 1, 3, 3, 4, 3, 3, 4, 1, 3, 1, 3, 2, 1, 4, 4, 4, 4, 4, 4, 3, 4, 4, 2, 3, 3, 1, 2, 2, 4, 2, 4, 4, 4, 2, 3, 4, 4, 4, 4, 3, 3, 3, 3, 1, 4, 4, 3, 4, 4, 3, 3, 4, 2, 4, 1, 3, 3, 4, 3, 3, 3, 4, 4, 4, 4, 4, 2, 3, 4, 3, 4, 4, 2, 3, 4, 2, 2, 1, 4, 3, 3, 2, 3, 4, 4, 3, 2, 3, 3, 3, 1, 4, 1, 1, 4, 4, 2, 3, 4, 1, 4, 2, 4, 2, 2, 2, 4, 2, 4, 3, 3, 3, 2, 4, 4, 4, 4, 3, 2, 3, 3, 2, 4]

Total across score = 503
Average across score = 2.77900552486
Across score breakdown = [3, 4, 3, 4, 3, 3, 4, 4, 4, 2, 4, 4, 1, 2, 2, 2, 3, 3, 3, 4, 1, 1, 1, 2, 4, 3, 3, 3, 3, 4, 4, 3, 4, 4, 3, 2, 4, 4, 1, 2, 4, 4, 1, 2, 1, 2, 1, 2, 4, 2, 3, 4, 3, 3, 4, 4, 4, 3, 1, 3, 2, 4, 3, 3, 3, 4, 3, 4, 4, 2, 3, 4, 4, 4, 4, 2, 2, 2, 1, 4, 3, 4, 3, 3, 2, 4, 4, 1, 2, 4, 2, 3, 2, 1, 2, 2, 2, 4, 1, 4, 1, 1, 3, 3, 3, 4, 3, 4, 2, 2, 4, 1, 1, 2, 2, 4, 4, 1, 2, 3, 3, 4, 4, 1, 4, 4, 1, 1, 3, 3, 2, 3, 3, 4, 4, 4, 2, 1, 4, 1, 3, 4, 2, 2, 2, 1, 4, 2, 4, 4, 4, 4, 3, 4, 2, 3, 3, 3, 3, 4, 1, 3, 4, 2, 2, 2, 2, 1, 1, 4, 1, 2, 2, 4, 2, 3, 3, 2, 2, 2, 3]

Side score avg percent = 0.272218108129
Across score avg percent = 0.268971783218
Side score percent breakdown = [0.2857142857142857, 0.2, 0.25, 0.25, 0.25, 0.3592233009708738, 0.35514018691588783, 0.11926605504587157, 0.26595744680851063, 0.20202020202020202, 0.28421052631578947, 0.22549019607843138, 0.26804123711340205, 0.3, 0.22727272727272727, 0.24, 0.2857142857142857, 0.32, 0.21739130434782608, 0.3508771929824561, 0.375, 0.28865979381443296, 0.3559322033898305, 0.2647058823529412, 0.3026315789473684, 0.25, 0.2169811320754717, 0.24719101123595505, 0.20192307692307693, 0.25, 0.34782608695652173, 0.17391304347826086, 0.2, 0.23255813953488372, 0.44339622641509435, 0.32989690721649484, 0.24, 0.3020833333333333, 0.24489795918367346, 0.26373626373626374, 0.18681318681318682, 0.32, 0.21052631578947367, 0.20833333333333334, 0.30434782608695654, 0.2, 0.3333333333333333, 0.3157894736842105, 0.33980582524271846, 0.4077669902912621, 0.36633663366336633, 0.2222222222222222, 0.21153846153846154, 0.34375, 0.2803738317757009, 0.21359223300970873, 0.20481927710843373, 0.24, 0.23809523809523808, 0.3684210526315789, 0.23809523809523808, 0.2222222222222222, 0.18181818181818182, 0.2978723404255319, 0.3300970873786408, 0.2159090909090909, 0.3229166666666667, 0.23684210526315788, 0.27722772277227725, 0.25, 0.36, 0.3333333333333333, 0.22727272727272727, 0.2916666666666667, 0.15053763440860216, 0.43434343434343436, 0.3230769230769231, 0.14285714285714285, 0.2553191489361702, 0.3368421052631579, 0.23655913978494625, 0.3103448275862069, 0.27358490566037735, 0.3181818181818182, 0.25, 0.2, 0.36607142857142855, 0.22, 0.23469387755102042, 0.20212765957446807, 0.26881720430107525, 0.2268041237113402, 0.20481927710843373, 0.32142857142857145, 0.25806451612903225, 0.2727272727272727, 0.25, 0.25925925925925924, 0.25, 0.19047619047619047, 0.37894736842105264, 0.3269230769230769, 0.21153846153846154, 0.27184466019417475, 0.28865979381443296, 0.20481927710843373, 0.2127659574468085, 0.24210526315789474, 0.2727272727272727, 0.23529411764705882, 0.34615384615384615, 0.3, 0.32, 0.25, 0.2857142857142857, 0.26605504587155965, 0.3853211009174312, 0.3465346534653465, 0.37254901960784315, 0.24752475247524752, 0.2608695652173913, 0.24770642201834864, 0.27835051546391754, 0.22105263157894736, 0.2857142857142857, 0.2413793103448276, 0.3157894736842105, 0.2692307692307692, 0.2727272727272727, 0.23076923076923078, 0.23809523809523808, 0.3645833333333333, 0.21904761904761905, 0.3854166666666667, 0.18446601941747573, 0.24786324786324787, 0.20388349514563106, 0.27450980392156865, 0.32558139534883723, 0.297029702970297, 0.3118279569892473, 0.2962962962962963, 0.2608695652173913, 0.35, 0.2916666666666667, 0.30434782608695654, 0.14285714285714285, 0.23809523809523808, 0.391304347826087, 0.22727272727272727, 0.36363636363636365, 0.42857142857142855, 0.2872340425531915, 0.3018867924528302, 0.3372093023255814, 0.23529411764705882, 0.21875, 0.23376623376623376, 0.28, 0.25, 0.23076923076923078, 0.22727272727272727, 0.2, 0.43333333333333335, 0.4065934065934066, 0.25, 0.1875, 0.27, 0.29213483146067415, 0.297029702970297, 0.18292682926829268, 0.3684210526315789, 0.1839080459770115, 0.2247191011235955, 0.3333333333333333, 0.3333333333333333, 0.19047619047619047, 0.24, 0.34951456310679613, 0.1782178217821782, 0.297029702970297, 0.22549019607843138, 0.3163265306122449, 0.18888888888888888, 0.25, 0.21052631578947367, 0.25925925925925924, 0.25, 0.3333333333333333, 0.2727272727272727, 0.23809523809523808, 0.2857142857142857, 0.17391304347826086, 0.3465346534653465, 0.3958333333333333, 0.2608695652173913, 0.27522935779816515, 0.24752475247524752, 0.24175824175824176, 0.2736842105263158, 0.3020833333333333, 0.22826086956521738, 0.2815533980582524]
Across score percent breakdown = [0.23809523809523808, 0.2608695652173913, 0.2777777777777778, 0.2608695652173913, 0.22727272727272727, 0.2608695652173913, 0.3300970873786408, 0.38738738738738737, 0.43103448275862066, 0.2247191011235955, 0.29213483146067415, 0.4537037037037037, 0.22105263157894736, 0.17391304347826086, 0.14285714285714285, 0.15789473684210525, 0.2777777777777778, 0.2, 0.22727272727272727, 0.3372093023255814, 0.24390243902439024, 0.18478260869565216, 0.21875, 0.21568627450980393, 0.07317073170731707, 0.21739130434782608, 0.19047619047619047, 0.20833333333333334, 0.23809523809523808, 0.2916666666666667, 0.41, 0.34065934065934067, 0.33707865168539325, 0.2815533980582524, 0.2826086956521739, 0.19047619047619047, 0.2222222222222222, 0.28, 0.15789473684210525, 0.37142857142857144, 0.308411214953271, 0.47058823529411764, 0.22972972972972974, 0.2, 0.26506024096385544, 0.26136363636363635, 0.1935483870967742, 0.21, 0.2857142857142857, 0.17391304347826086, 0.22727272727272727, 0.36, 0.23809523809523808, 0.20833333333333334, 0.44086021505376344, 0.3958333333333333, 0.4044943820224719, 0.35, 0.21621621621621623, 0.26262626262626265, 0.24719101123595505, 0.32978723404255317, 0.29292929292929293, 0.2765957446808511, 0.25, 0.3076923076923077, 0.2777777777777778, 0.2692307692307692, 0.20833333333333334, 0.17647058823529413, 0.20833333333333334, 0.375, 0.43157894736842106, 0.32673267326732675, 0.38317757009345793, 0.23300970873786409, 0.21428571428571427, 0.24468085106382978, 0.19148936170212766, 0.3448275862068966, 0.24, 0.2857142857142857, 0.20833333333333334, 0.25, 0.18181818181818182, 0.21428571428571427, 0.425, 0.2676056338028169, 0.3382352941176471, 0.2857142857142857, 0.29069767441860467, 0.2708333333333333, 0.24242424242424243, 0.19148936170212766, 0.22727272727272727, 0.2, 0.4153846153846154, 0.42696629213483145, 0.26666666666666666, 0.4491525423728814, 0.3188405797101449, 0.2125, 0.2988505747126437, 0.2604166666666667, 0.31683168316831684, 0.2857142857142857, 0.2, 0.24, 0.19047619047619047, 0.32558139534883723, 0.25217391304347825, 0.24050632911392406, 0.2, 0.28888888888888886, 0.23076923076923078, 0.28431372549019607, 0.28, 0.16666666666666666, 0.19047619047619047, 0.2, 0.21739130434782608, 0.41935483870967744, 0.37719298245614036, 0.25, 0.391304347826087, 0.3953488372093023, 0.21686746987951808, 0.1958762886597938, 0.05952380952380952, 0.23076923076923078, 0.2, 0.25, 0.21739130434782608, 0.3707865168539326, 0.39215686274509803, 0.46987951807228917, 0.3253012048192771, 0.24705882352941178, 0.26605504587155965, 0.22448979591836735, 0.23809523809523808, 0.25925925925925924, 0.15, 0.21739130434782608, 0.19047619047619047, 0.23529411764705882, 0.1935483870967742, 0.4166666666666667, 0.36792452830188677, 0.34579439252336447, 0.3488372093023256, 0.3684210526315789, 0.36363636363636365, 0.3707865168539326, 0.2857142857142857, 0.2604166666666667, 0.07407407407407407, 0.2727272727272727, 0.3, 0.2608695652173913, 0.15789473684210525, 0.3956043956043956, 0.32710280373831774, 0.2765957446808511, 0.2222222222222222, 0.22772277227722773, 0.22857142857142856, 0.18681318681318682, 0.16483516483516483, 0.2962962962962963, 0.15, 0.17391304347826086, 0.2608695652173913, 0.32954545454545453, 0.24675324675324675, 0.25510204081632654, 0.2549019607843137, 0.25925925925925924, 0.21359223300970873, 0.25, 0.27884615384615385]
