Total side score = 354
Average side score = 2.68181818182
Side score breakdown = [2, 1, 3, 4, 4, 3, 3, 2, 2, 3, 4, 3, 2, 3, 2, 2, 3, 1, 1, 4, 4, 2, 2, 2, 2, 3, 4, 4, 3, 3, 1, 2, 3, 3, 4, 2, 2, 2, 4, 1, 2, 4, 2, 3, 4, 2, 1, 1, 1, 2, 2, 4, 3, 2, 4, 4, 2, 3, 2, 4, 2, 4, 2, 4, 3, 4, 2, 3, 3, 4, 4, 2, 4, 2, 2, 3, 2, 4, 4, 4, 4, 2, 3, 1, 2, 3, 1, 4, 4, 3, 2, 3, 3, 3, 2, 3, 3, 4, 3, 2, 3, 2, 1, 2, 4, 3, 1, 3, 2, 1, 3, 2, 4, 4, 2, 1, 3, 3, 4, 2, 3, 1, 2, 1, 3, 3, 3, 3, 3, 2, 3, 3]

Total across score = 189
Average across score = 2.82089552239
Across score breakdown = [2, 3, 3, 4, 3, 3, 1, 1, 4, 4, 2, 1, 2, 1, 3, 3, 3, 2, 2, 2, 4, 3, 4, 1, 4, 3, 4, 2, 4, 4, 3, 3, 1, 2, 4, 4, 1, 4, 4, 3, 3, 2, 2, 2, 3, 4, 4, 2, 4, 4, 4, 4, 4, 3, 3, 2, 2, 4, 2, 2, 3, 1, 1, 4, 4, 1, 4]

Side score avg percent = 0.254805066872
Across score avg percent = 0.259960852393
Side score percent breakdown = [0.21052631578947367, 0.0, 0.2631578947368421, 0.42105263157894735, 0.47058823529411764, 0.2631578947368421, 0.3, 0.2, 0.16666666666666666, 0.3157894736842105, 0.3333333333333333, 0.3333333333333333, 0.2777777777777778, 0.2777777777777778, 0.23529411764705882, 0.2631578947368421, 0.29411764705882354, 0.058823529411764705, 0.0625, 0.35, 0.3333333333333333, 0.15789473684210525, 0.18181818181818182, 0.11764705882352941, 0.17647058823529413, 0.3181818181818182, 0.375, 0.29411764705882354, 0.2777777777777778, 0.2777777777777778, 0.15789473684210525, 0.15, 0.3157894736842105, 0.3157894736842105, 0.2857142857142857, 0.15789473684210525, 0.1, 0.21052631578947367, 0.4, 0.0625, 0.2222222222222222, 0.3157894736842105, 0.17647058823529413, 0.23809523809523808, 0.3157894736842105, 0.15, 0.16666666666666666, 0.058823529411764705, 0.15789473684210525, 0.17647058823529413, 0.2631578947368421, 0.35, 0.3125, 0.2631578947368421, 0.3684210526315789, 0.2857142857142857, 0.2, 0.29411764705882354, 0.23529411764705882, 0.3157894736842105, 0.2, 0.3333333333333333, 0.21052631578947367, 0.42857142857142855, 0.35, 0.3, 0.2777777777777778, 0.3333333333333333, 0.3333333333333333, 0.3333333333333333, 0.4666666666666667, 0.19047619047619047, 0.3, 0.21052631578947367, 0.21052631578947367, 0.23529411764705882, 0.14285714285714285, 0.3888888888888889, 0.3684210526315789, 0.4, 0.38095238095238093, 0.17647058823529413, 0.2777777777777778, 0.09523809523809523, 0.29411764705882354, 0.2631578947368421, 0.13333333333333333, 0.3333333333333333, 0.42857142857142855, 0.2222222222222222, 0.1875, 0.25, 0.2777777777777778, 0.2777777777777778, 0.15, 0.3, 0.3, 0.3333333333333333, 0.3684210526315789, 0.21052631578947367, 0.26666666666666666, 0.25, 0.15, 0.21052631578947367, 0.36363636363636365, 0.2777777777777778, 0.10526315789473684, 0.29411764705882354, 0.16666666666666666, 0.1, 0.3157894736842105, 0.2222222222222222, 0.3333333333333333, 0.3157894736842105, 0.21052631578947367, 0.16666666666666666, 0.29411764705882354, 0.2631578947368421, 0.3684210526315789, 0.21052631578947367, 0.29411764705882354, 0.15, 0.23809523809523808, 0.1, 0.2631578947368421, 0.2631578947368421, 0.23529411764705882, 0.2777777777777778, 0.29411764705882354, 0.2, 0.23529411764705882, 0.29411764705882354]
Across score percent breakdown = [0.17647058823529413, 0.25, 0.35714285714285715, 0.4117647058823529, 0.2857142857142857, 0.3333333333333333, 0.1, 0.0, 0.3684210526315789, 0.3333333333333333, 0.058823529411764705, 0.15789473684210525, 0.25, 0.06666666666666667, 0.21052631578947367, 0.2777777777777778, 0.2777777777777778, 0.2777777777777778, 0.13333333333333333, 0.2222222222222222, 0.42105263157894735, 0.19047619047619047, 0.3333333333333333, 0.1111111111111111, 0.3157894736842105, 0.3157894736842105, 0.3, 0.2, 0.3, 0.35294117647058826, 0.26666666666666666, 0.2777777777777778, 0.058823529411764705, 0.2, 0.3181818181818182, 0.3157894736842105, 0.15, 0.42105263157894735, 0.4117647058823529, 0.2222222222222222, 0.21052631578947367, 0.23529411764705882, 0.2222222222222222, 0.15789473684210525, 0.35294117647058826, 0.3157894736842105, 0.35714285714285715, 0.2222222222222222, 0.35, 0.3888888888888889, 0.3, 0.375, 0.35, 0.2777777777777778, 0.3333333333333333, 0.21052631578947367, 0.15789473684210525, 0.3888888888888889, 0.2222222222222222, 0.21052631578947367, 0.2857142857142857, 0.15, 0.05, 0.3, 0.4666666666666667, 0.10526315789473684, 0.3888888888888889]
