Total side score = 384
Average side score = 2.68531468531
Side score breakdown = [3, 4, 1, 2, 3, 4, 2, 4, 2, 2, 3, 3, 2, 4, 3, 4, 4, 4, 1, 4, 4, 4, 1, 4, 3, 4, 2, 4, 2, 1, 4, 4, 3, 3, 3, 1, 2, 3, 3, 3, 2, 3, 2, 2, 4, 4, 2, 2, 4, 3, 4, 2, 4, 4, 1, 4, 1, 3, 2, 2, 4, 4, 2, 3, 3, 1, 2, 2, 2, 4, 1, 3, 3, 2, 1, 4, 1, 4, 3, 3, 4, 2, 3, 4, 2, 3, 2, 4, 2, 4, 3, 1, 1, 4, 3, 2, 4, 1, 1, 3, 4, 4, 3, 2, 1, 2, 1, 3, 2, 4, 2, 2, 4, 2, 1, 3, 4, 1, 2, 3, 1, 2, 3, 2, 1, 3, 1, 2, 2, 2, 4, 4, 2, 4, 2, 1, 3, 2, 4, 4, 3, 3, 2]

Total across score = 282
Average across score = 2.9375
Across score breakdown = [4, 4, 1, 3, 3, 1, 4, 3, 3, 2, 3, 4, 3, 2, 2, 4, 4, 1, 2, 3, 3, 4, 1, 4, 2, 3, 3, 3, 3, 3, 4, 2, 1, 4, 1, 4, 4, 4, 2, 1, 2, 4, 4, 2, 4, 3, 4, 4, 1, 4, 3, 4, 4, 2, 4, 2, 3, 4, 3, 3, 2, 4, 2, 2, 3, 4, 2, 3, 4, 4, 1, 2, 4, 4, 4, 4, 4, 2, 1, 4, 2, 4, 2, 3, 3, 4, 3, 3, 1, 4, 4, 2, 4, 2, 2, 3]

Side score avg percent = 0.260774446829
Across score avg percent = 0.279161123955
Side score percent breakdown = [0.3157894736842105, 0.3888888888888889, 0.19047619047619047, 0.21052631578947367, 0.25, 0.47368421052631576, 0.16666666666666666, 0.375, 0.23809523809523808, 0.16666666666666666, 0.35, 0.35294117647058826, 0.1875, 0.375, 0.25, 0.35294117647058826, 0.4117647058823529, 0.35714285714285715, 0.0, 0.35294117647058826, 0.3684210526315789, 0.35, 0.058823529411764705, 0.46153846153846156, 0.2631578947368421, 0.30434782608695654, 0.17647058823529413, 0.4, 0.21052631578947367, 0.15789473684210525, 0.3684210526315789, 0.29411764705882354, 0.2777777777777778, 0.25, 0.2777777777777778, 0.06666666666666667, 0.16666666666666666, 0.3, 0.21052631578947367, 0.2777777777777778, 0.2222222222222222, 0.2777777777777778, 0.15, 0.21052631578947367, 0.35294117647058826, 0.4117647058823529, 0.21052631578947367, 0.2, 0.4375, 0.19047619047619047, 0.3333333333333333, 0.21052631578947367, 0.3333333333333333, 0.3157894736842105, 0.2, 0.3157894736842105, 0.15789473684210525, 0.2631578947368421, 0.17647058823529413, 0.23529411764705882, 0.3157894736842105, 0.47058823529411764, 0.15, 0.21052631578947367, 0.2777777777777778, 0.1, 0.2, 0.2631578947368421, 0.2777777777777778, 0.375, 0.15, 0.26666666666666666, 0.29411764705882354, 0.2222222222222222, 0.125, 0.3888888888888889, 0.14285714285714285, 0.3684210526315789, 0.23809523809523808, 0.3157894736842105, 0.42857142857142855, 0.2, 0.35, 0.3181818181818182, 0.2777777777777778, 0.3333333333333333, 0.11764705882352941, 0.3157894736842105, 0.21052631578947367, 0.375, 0.3333333333333333, 0.15, 0.2222222222222222, 0.47058823529411764, 0.2, 0.2, 0.45, 0.15789473684210525, 0.10526315789473684, 0.2857142857142857, 0.3333333333333333, 0.4, 0.21052631578947367, 0.23529411764705882, 0.05263157894736842, 0.2, 0.13333333333333333, 0.2222222222222222, 0.17647058823529413, 0.35714285714285715, 0.2, 0.2, 0.36363636363636365, 0.19047619047619047, 0.05263157894736842, 0.2, 0.38095238095238093, 0.1111111111111111, 0.21052631578947367, 0.2777777777777778, 0.15, 0.21052631578947367, 0.3, 0.16666666666666666, 0.10526315789473684, 0.2857142857142857, 0.11764705882352941, 0.21052631578947367, 0.21052631578947367, 0.25, 0.3684210526315789, 0.35, 0.2631578947368421, 0.45, 0.25, 0.15, 0.2, 0.2, 0.4666666666666667, 0.3888888888888889, 0.2777777777777778, 0.29411764705882354, 0.25]
Across score percent breakdown = [0.2777777777777778, 0.4, 0.15789473684210525, 0.2631578947368421, 0.2631578947368421, 0.1, 0.3333333333333333, 0.25, 0.2222222222222222, 0.2222222222222222, 0.3, 0.3888888888888889, 0.2777777777777778, 0.2631578947368421, 0.2631578947368421, 0.3888888888888889, 0.3684210526315789, 0.058823529411764705, 0.2631578947368421, 0.2631578947368421, 0.2777777777777778, 0.3684210526315789, 0.1111111111111111, 0.2727272727272727, 0.2, 0.2857142857142857, 0.21052631578947367, 0.2631578947368421, 0.3, 0.2631578947368421, 0.3157894736842105, 0.16666666666666666, 0.16666666666666666, 0.2777777777777778, 0.058823529411764705, 0.47058823529411764, 0.4, 0.3333333333333333, 0.2777777777777778, 0.1111111111111111, 0.3333333333333333, 0.3333333333333333, 0.375, 0.2, 0.3888888888888889, 0.2631578947368421, 0.4666666666666667, 0.3, 0.11764705882352941, 0.46153846153846156, 0.35294117647058826, 0.42105263157894735, 0.4, 0.17647058823529413, 0.2857142857142857, 0.29411764705882354, 0.3, 0.38095238095238093, 0.3333333333333333, 0.2222222222222222, 0.14285714285714285, 0.35294117647058826, 0.19047619047619047, 0.16666666666666666, 0.21052631578947367, 0.3888888888888889, 0.15789473684210525, 0.3, 0.3684210526315789, 0.3157894736842105, 0.14285714285714285, 0.19047619047619047, 0.36363636363636365, 0.5294117647058824, 0.4, 0.35294117647058826, 0.42105263157894735, 0.21052631578947367, 0.15, 0.3333333333333333, 0.21052631578947367, 0.3333333333333333, 0.15789473684210525, 0.25, 0.29411764705882354, 0.35, 0.3125, 0.25, 0.1111111111111111, 0.42105263157894735, 0.35, 0.23809523809523808, 0.375, 0.25, 0.06666666666666667, 0.2777777777777778]
