Total side score = 433
Average side score = 2.47428571429
Side score breakdown = [2, 1, 4, 1, 3, 4, 3, 3, 3, 3, 4, 4, 3, 4, 2, 2, 2, 2, 2, 3, 4, 3, 3, 4, 2, 3, 4, 1, 1, 3, 3, 3, 3, 1, 3, 2, 1, 2, 2, 4, 1, 1, 3, 2, 3, 1, 2, 1, 2, 3, 3, 4, 4, 1, 2, 2, 2, 2, 1, 3, 3, 1, 2, 3, 2, 3, 2, 1, 4, 4, 1, 2, 4, 2, 2, 4, 2, 1, 3, 2, 2, 2, 1, 3, 2, 1, 1, 4, 2, 3, 1, 2, 3, 1, 3, 3, 2, 2, 1, 3, 2, 2, 1, 3, 4, 4, 4, 3, 1, 2, 4, 4, 3, 4, 2, 3, 2, 2, 3, 2, 2, 2, 3, 3, 3, 4, 2, 2, 3, 3, 3, 4, 2, 4, 3, 2, 3, 2, 3, 1, 2, 4, 1, 2, 3, 1, 4, 2, 2, 2, 3, 3, 3, 2, 3, 3, 2, 1, 1, 2, 4, 4, 1, 2, 1, 3, 1, 3, 3, 3, 2, 2, 4, 2, 3]

Total across score = 182
Average across score = 2.98360655738
Across score breakdown = [3, 4, 4, 3, 2, 3, 3, 4, 3, 3, 4, 2, 3, 4, 4, 4, 4, 3, 3, 2, 4, 2, 4, 4, 1, 4, 1, 3, 3, 4, 2, 4, 3, 2, 1, 4, 4, 3, 3, 4, 4, 3, 1, 3, 2, 3, 1, 3, 3, 1, 3, 3, 2, 3, 4, 3, 4, 4, 2, 2, 3]

Side score avg percent = 0.23778400834
Across score avg percent = 0.279436253585
Side score percent breakdown = [0.21052631578947367, 0.0, 0.2777777777777778, 0.15789473684210525, 0.2857142857142857, 0.47619047619047616, 0.25, 0.35, 0.35714285714285715, 0.3333333333333333, 0.3333333333333333, 0.4444444444444444, 0.25, 0.375, 0.2222222222222222, 0.25, 0.2, 0.16666666666666666, 0.2, 0.2631578947368421, 0.3888888888888889, 0.2777777777777778, 0.2777777777777778, 0.38095238095238093, 0.2631578947368421, 0.29411764705882354, 0.3888888888888889, 0.058823529411764705, 0.0625, 0.19047619047619047, 0.19047619047619047, 0.26666666666666666, 0.2777777777777778, 0.15789473684210525, 0.2, 0.21052631578947367, 0.15789473684210525, 0.21052631578947367, 0.15789473684210525, 0.4117647058823529, 0.15789473684210525, 0.1, 0.2777777777777778, 0.16666666666666666, 0.3333333333333333, 0.15789473684210525, 0.2222222222222222, 0.0, 0.13333333333333333, 0.2857142857142857, 0.2631578947368421, 0.2857142857142857, 0.4117647058823529, 0.1, 0.1, 0.2, 0.21052631578947367, 0.2222222222222222, 0.1111111111111111, 0.21052631578947367, 0.2631578947368421, 0.2, 0.23529411764705882, 0.23809523809523808, 0.2631578947368421, 0.3157894736842105, 0.16666666666666666, 0.058823529411764705, 0.47058823529411764, 0.35, 0.15789473684210525, 0.2, 0.3, 0.2631578947368421, 0.23809523809523808, 0.35294117647058826, 0.2777777777777778, 0.1111111111111111, 0.26666666666666666, 0.2, 0.23529411764705882, 0.2222222222222222, 0.125, 0.2777777777777778, 0.2, 0.15789473684210525, 0.058823529411764705, 0.375, 0.2, 0.3, 0.11764705882352941, 0.2, 0.23529411764705882, 0.058823529411764705, 0.25, 0.2631578947368421, 0.15, 0.19047619047619047, 0.11764705882352941, 0.2, 0.14285714285714285, 0.21052631578947367, 0.10526315789473684, 0.35294117647058826, 0.42105263157894735, 0.4117647058823529, 0.3684210526315789, 0.2631578947368421, 0.058823529411764705, 0.15789473684210525, 0.375, 0.38095238095238093, 0.3333333333333333, 0.3333333333333333, 0.14285714285714285, 0.35294117647058826, 0.17647058823529413, 0.2, 0.25, 0.2222222222222222, 0.2, 0.19047619047619047, 0.3333333333333333, 0.29411764705882354, 0.21052631578947367, 0.3888888888888889, 0.15789473684210525, 0.19047619047619047, 0.3, 0.3684210526315789, 0.26666666666666666, 0.375, 0.15, 0.38095238095238093, 0.2631578947368421, 0.2, 0.2777777777777778, 0.29411764705882354, 0.2777777777777778, 0.14285714285714285, 0.25, 0.38095238095238093, 0.1111111111111111, 0.21052631578947367, 0.3125, 0.15789473684210525, 0.3333333333333333, 0.15789473684210525, 0.15789473684210525, 0.23529411764705882, 0.25, 0.29411764705882354, 0.3125, 0.2, 0.2631578947368421, 0.25, 0.25, 0.0, 0.125, 0.17647058823529413, 0.42105263157894735, 0.35, 0.15, 0.19047619047619047, 0.15, 0.2, 0.15789473684210525, 0.35294117647058826, 0.3157894736842105, 0.23529411764705882, 0.06666666666666667, 0.2777777777777778, 0.3157894736842105, 0.2, 0.23529411764705882]
Across score percent breakdown = [0.2631578947368421, 0.47368421052631576, 0.42105263157894735, 0.25, 0.1875, 0.3333333333333333, 0.21052631578947367, 0.35714285714285715, 0.29411764705882354, 0.3, 0.3333333333333333, 0.18181818181818182, 0.2631578947368421, 0.30434782608695654, 0.4117647058823529, 0.4, 0.29411764705882354, 0.3, 0.3157894736842105, 0.21052631578947367, 0.3684210526315789, 0.25, 0.3157894736842105, 0.35294117647058826, 0.058823529411764705, 0.3684210526315789, 0.15, 0.3, 0.3157894736842105, 0.42857142857142855, 0.2, 0.3, 0.3333333333333333, 0.2, 0.1111111111111111, 0.45, 0.3888888888888889, 0.25, 0.2857142857142857, 0.4, 0.38095238095238093, 0.2777777777777778, 0.09523809523809523, 0.2631578947368421, 0.21052631578947367, 0.2777777777777778, 0.0, 0.2, 0.3, 0.15, 0.3, 0.3157894736842105, 0.15789473684210525, 0.2857142857142857, 0.3157894736842105, 0.26666666666666666, 0.35, 0.3333333333333333, 0.18181818181818182, 0.2, 0.25]
