Total side score = 358
Average side score = 2.77519379845
Side score breakdown = [3, 3, 4, 1, 3, 4, 3, 3, 1, 2, 3, 4, 2, 4, 3, 3, 2, 3, 4, 3, 2, 3, 4, 3, 1, 1, 1, 4, 4, 2, 3, 1, 3, 3, 2, 2, 2, 1, 3, 4, 4, 3, 3, 2, 3, 2, 4, 2, 4, 3, 2, 4, 4, 2, 4, 4, 4, 2, 4, 3, 1, 4, 3, 3, 3, 2, 3, 3, 2, 4, 1, 4, 3, 4, 3, 3, 3, 4, 4, 2, 1, 2, 3, 2, 3, 3, 4, 3, 3, 4, 2, 1, 2, 2, 4, 3, 2, 4, 2, 1, 3, 4, 3, 1, 2, 2, 4, 2, 3, 4, 3, 3, 3, 3, 4, 1, 1, 4, 4, 2, 3, 2, 3, 1, 2, 4, 3, 1, 3]

Total across score = 215
Average across score = 2.98611111111
Across score breakdown = [3, 4, 4, 4, 3, 2, 3, 4, 4, 2, 4, 3, 2, 2, 3, 4, 3, 2, 4, 1, 1, 2, 4, 3, 1, 4, 4, 4, 4, 2, 4, 4, 2, 1, 2, 3, 3, 4, 3, 2, 2, 4, 3, 4, 4, 4, 2, 4, 3, 3, 4, 3, 3, 3, 1, 2, 1, 3, 3, 4, 4, 4, 4, 1, 2, 4, 4, 4, 3, 2, 2, 3]

Side score avg percent = 0.257897867572
Across score avg percent = 0.29714562995
Side score percent breakdown = [0.2222222222222222, 0.3333333333333333, 0.4, 0.19047619047619047, 0.2631578947368421, 0.42105263157894735, 0.2631578947368421, 0.35714285714285715, 0.1, 0.16666666666666666, 0.2222222222222222, 0.35, 0.2, 0.3333333333333333, 0.21052631578947367, 0.35, 0.23529411764705882, 0.25, 0.3684210526315789, 0.2631578947368421, 0.18181818181818182, 0.25, 0.30434782608695654, 0.19047619047619047, 0.15789473684210525, 0.0, 0.05263157894736842, 0.3333333333333333, 0.3684210526315789, 0.2, 0.25, 0.1, 0.3333333333333333, 0.25, 0.16666666666666666, 0.2222222222222222, 0.21052631578947367, 0.0, 0.2631578947368421, 0.35294117647058826, 0.2727272727272727, 0.19047619047619047, 0.3157894736842105, 0.15789473684210525, 0.3333333333333333, 0.25, 0.4444444444444444, 0.2631578947368421, 0.3157894736842105, 0.21052631578947367, 0.16666666666666666, 0.35294117647058826, 0.3, 0.17647058823529413, 0.35, 0.3, 0.4, 0.2777777777777778, 0.3684210526315789, 0.2857142857142857, 0.1, 0.3333333333333333, 0.23809523809523808, 0.3157894736842105, 0.35294117647058826, 0.2, 0.23529411764705882, 0.2631578947368421, 0.21052631578947367, 0.42105263157894735, 0.1111111111111111, 0.45, 0.23529411764705882, 0.4117647058823529, 0.25, 0.2857142857142857, 0.3333333333333333, 0.4, 0.38095238095238093, 0.23529411764705882, 0.05263157894736842, 0.15789473684210525, 0.3, 0.21052631578947367, 0.2222222222222222, 0.23809523809523808, 0.35294117647058826, 0.25, 0.2777777777777778, 0.3888888888888889, 0.15, 0.0, 0.21052631578947367, 0.15, 0.36363636363636365, 0.2777777777777778, 0.2, 0.47368421052631576, 0.21052631578947367, 0.15, 0.3333333333333333, 0.5, 0.2222222222222222, 0.11764705882352941, 0.21052631578947367, 0.23809523809523808, 0.3333333333333333, 0.15789473684210525, 0.35294117647058826, 0.35, 0.26666666666666666, 0.3125, 0.23809523809523808, 0.2857142857142857, 0.35, 0.1111111111111111, 0.125, 0.45, 0.375, 0.0, 0.2631578947368421, 0.2, 0.35294117647058826, 0.10526315789473684, 0.16666666666666666, 0.3888888888888889, 0.2857142857142857, 0.10526315789473684, 0.25]
Across score percent breakdown = [0.2857142857142857, 0.5789473684210527, 0.4, 0.3888888888888889, 0.35294117647058826, 0.16666666666666666, 0.29411764705882354, 0.4117647058823529, 0.5, 0.1875, 0.375, 0.29411764705882354, 0.16666666666666666, 0.15, 0.2631578947368421, 0.4117647058823529, 0.23529411764705882, 0.21052631578947367, 0.5555555555555556, 0.2, 0.15789473684210525, 0.17647058823529413, 0.35294117647058826, 0.3157894736842105, 0.1, 0.35294117647058826, 0.3333333333333333, 0.35, 0.2857142857142857, 0.2222222222222222, 0.4375, 0.3888888888888889, 0.2, 0.15789473684210525, 0.2, 0.35, 0.3333333333333333, 0.4375, 0.3, 0.21052631578947367, 0.15, 0.47058823529411764, 0.2, 0.3333333333333333, 0.375, 0.3333333333333333, 0.1875, 0.4, 0.25, 0.3333333333333333, 0.36363636363636365, 0.4, 0.3, 0.3, 0.05263157894736842, 0.17647058823529413, 0.15, 0.2777777777777778, 0.2777777777777778, 0.46153846153846156, 0.38095238095238093, 0.35294117647058826, 0.35, 0.15, 0.19047619047619047, 0.4117647058823529, 0.3333333333333333, 0.3333333333333333, 0.23529411764705882, 0.2777777777777778, 0.2, 0.29411764705882354]
