Total side score = 267
Average side score = 2.72448979592
Side score breakdown = [3, 4, 1, 3, 3, 3, 1, 3, 2, 1, 3, 3, 3, 3, 4, 3, 4, 3, 3, 2, 3, 2, 3, 4, 3, 2, 3, 1, 2, 1, 3, 3, 3, 3, 3, 3, 4, 4, 3, 2, 4, 3, 1, 4, 4, 3, 4, 1, 2, 4, 3, 3, 1, 1, 4, 1, 3, 3, 1, 3, 4, 3, 4, 3, 4, 3, 4, 3, 4, 4, 3, 1, 2, 2, 2, 1, 2, 1, 3, 3, 1, 2, 2, 3, 3, 3, 3, 1, 1, 4, 2, 4, 2, 4, 4, 3, 3, 3]

Total across score = 137
Average across score = 2.36206896552
Across score breakdown = [1, 2, 4, 4, 2, 2, 4, 3, 4, 3, 2, 1, 3, 2, 2, 2, 2, 2, 2, 2, 1, 2, 2, 2, 2, 4, 3, 2, 3, 4, 4, 2, 3, 2, 2, 2, 3, 2, 4, 1, 4, 2, 3, 2, 2, 2, 2, 2, 1, 1, 2, 2, 2, 2, 2, 2, 3, 2]

Side score avg percent = 0.259190942839
Across score avg percent = 0.214952415961
Side score percent breakdown = [0.3157894736842105, 0.2777777777777778, 0.15789473684210525, 0.4117647058823529, 0.2631578947368421, 0.3333333333333333, 0.1, 0.25, 0.23809523809523808, 0.058823529411764705, 0.2857142857142857, 0.29411764705882354, 0.35, 0.2777777777777778, 0.35294117647058826, 0.25, 0.3333333333333333, 0.3, 0.2631578947368421, 0.18181818181818182, 0.25, 0.11764705882352941, 0.2631578947368421, 0.4117647058823529, 0.2777777777777778, 0.19047619047619047, 0.2777777777777778, 0.05263157894736842, 0.25, 0.18181818181818182, 0.21052631578947367, 0.3333333333333333, 0.3157894736842105, 0.3157894736842105, 0.2631578947368421, 0.2631578947368421, 0.4117647058823529, 0.3333333333333333, 0.23529411764705882, 0.21052631578947367, 0.3157894736842105, 0.3333333333333333, 0.15789473684210525, 0.3684210526315789, 0.35294117647058826, 0.25, 0.375, 0.058823529411764705, 0.2631578947368421, 0.35, 0.2857142857142857, 0.3, 0.14285714285714285, 0.1, 0.4375, 0.058823529411764705, 0.2631578947368421, 0.3333333333333333, 0.1111111111111111, 0.2222222222222222, 0.4, 0.2631578947368421, 0.38095238095238093, 0.2222222222222222, 0.4, 0.3333333333333333, 0.36363636363636365, 0.3, 0.3684210526315789, 0.3, 0.4, 0.0, 0.16666666666666666, 0.19047619047619047, 0.17647058823529413, 0.15, 0.2, 0.05555555555555555, 0.3, 0.3333333333333333, 0.15, 0.21052631578947367, 0.23809523809523808, 0.4, 0.25, 0.23809523809523808, 0.2857142857142857, 0.15, 0.05, 0.375, 0.25, 0.3333333333333333, 0.18181818181818182, 0.3, 0.3888888888888889, 0.2777777777777778, 0.18181818181818182, 0.29411764705882354]
Across score percent breakdown = [0.19047619047619047, 0.16666666666666666, 0.3333333333333333, 0.2857142857142857, 0.16666666666666666, 0.2, 0.3333333333333333, 0.25, 0.35294117647058826, 0.2631578947368421, 0.23529411764705882, 0.0, 0.3181818181818182, 0.21052631578947367, 0.15789473684210525, 0.16666666666666666, 0.2222222222222222, 0.2, 0.1875, 0.2777777777777778, 0.1, 0.1, 0.2222222222222222, 0.15789473684210525, 0.2222222222222222, 0.3157894736842105, 0.2631578947368421, 0.15, 0.21052631578947367, 0.3157894736842105, 0.38095238095238093, 0.2, 0.29411764705882354, 0.2222222222222222, 0.21052631578947367, 0.11764705882352941, 0.25, 0.14285714285714285, 0.3, 0.10526315789473684, 0.3333333333333333, 0.3157894736842105, 0.25, 0.2, 0.19047619047619047, 0.15, 0.21052631578947367, 0.2, 0.10526315789473684, 0.14285714285714285, 0.16666666666666666, 0.2, 0.25, 0.17647058823529413, 0.2631578947368421, 0.0, 0.2631578947368421, 0.25]
