Total side score = 333
Average side score = 2.70731707317
Side score breakdown = [3, 4, 4, 2, 3, 4, 3, 3, 2, 4, 2, 2, 3, 4, 1, 1, 3, 3, 4, 3, 1, 2, 4, 2, 1, 3, 1, 4, 1, 2, 4, 4, 4, 2, 2, 4, 2, 3, 1, 3, 3, 2, 4, 2, 4, 4, 4, 4, 3, 4, 4, 4, 2, 4, 4, 2, 4, 4, 3, 3, 2, 2, 2, 3, 4, 2, 2, 4, 3, 4, 1, 3, 1, 2, 4, 4, 1, 4, 4, 2, 2, 4, 4, 2, 3, 2, 4, 2, 2, 1, 1, 2, 3, 2, 1, 4, 4, 3, 1, 3, 1, 1, 2, 1, 2, 4, 4, 4, 2, 1, 3, 1, 1, 2, 4, 3, 1, 2, 2, 4, 3, 3, 2]

Total across score = 211
Average across score = 2.97183098592
Across score breakdown = [4, 4, 2, 4, 4, 3, 4, 3, 4, 3, 4, 4, 3, 1, 3, 1, 3, 3, 1, 3, 3, 2, 2, 1, 3, 3, 4, 4, 4, 4, 4, 3, 4, 3, 4, 2, 2, 3, 3, 4, 4, 1, 3, 3, 3, 2, 3, 3, 3, 4, 4, 3, 4, 4, 1, 2, 1, 3, 1, 3, 3, 4, 2, 3, 1, 3, 4, 3, 4, 3, 3]

Side score avg percent = 0.261741153912
Across score avg percent = 0.282213470817
Side score percent breakdown = [0.2857142857142857, 0.47619047619047616, 0.4, 0.21052631578947367, 0.4117647058823529, 0.3333333333333333, 0.25, 0.2222222222222222, 0.2222222222222222, 0.2857142857142857, 0.16666666666666666, 0.1875, 0.25, 0.35294117647058826, 0.1, 0.0, 0.3125, 0.29411764705882354, 0.3333333333333333, 0.19047619047619047, 0.058823529411764705, 0.058823529411764705, 0.5, 0.1875, 0.0, 0.2777777777777778, 0.1111111111111111, 0.4117647058823529, 0.18181818181818182, 0.2777777777777778, 0.2727272727272727, 0.4375, 0.42105263157894735, 0.1875, 0.2777777777777778, 0.4117647058823529, 0.2222222222222222, 0.2857142857142857, 0.1111111111111111, 0.3157894736842105, 0.2777777777777778, 0.15789473684210525, 0.3888888888888889, 0.25, 0.5, 0.35294117647058826, 0.3, 0.2777777777777778, 0.25, 0.375, 0.3157894736842105, 0.4, 0.2777777777777778, 0.3333333333333333, 0.38095238095238093, 0.23809523809523808, 0.35294117647058826, 0.35, 0.3, 0.2777777777777778, 0.3333333333333333, 0.2, 0.2222222222222222, 0.3125, 0.3, 0.2222222222222222, 0.11764705882352941, 0.4375, 0.3, 0.3888888888888889, 0.09523809523809523, 0.2631578947368421, 0.2222222222222222, 0.15, 0.3333333333333333, 0.4666666666666667, 0.15789473684210525, 0.3, 0.3684210526315789, 0.17647058823529413, 0.2222222222222222, 0.2857142857142857, 0.42857142857142855, 0.3157894736842105, 0.25, 0.2222222222222222, 0.3333333333333333, 0.19047619047619047, 0.16666666666666666, 0.14285714285714285, 0.05263157894736842, 0.2, 0.2777777777777778, 0.2, 0.15, 0.35294117647058826, 0.47368421052631576, 0.2777777777777778, 0.14285714285714285, 0.3157894736842105, 0.1111111111111111, 0.10526315789473684, 0.21052631578947367, 0.15, 0.2222222222222222, 0.35294117647058826, 0.4, 0.3888888888888889, 0.23529411764705882, 0.0, 0.29411764705882354, 0.1111111111111111, 0.05, 0.2631578947368421, 0.3333333333333333, 0.2631578947368421, 0.15789473684210525, 0.25, 0.2777777777777778, 0.3157894736842105, 0.25, 0.18181818181818182, 0.25]
Across score percent breakdown = [0.4444444444444444, 0.375, 0.25, 0.375, 0.35, 0.3157894736842105, 0.3333333333333333, 0.2631578947368421, 0.35294117647058826, 0.25, 0.35, 0.46153846153846156, 0.25, 0.15789473684210525, 0.2, 0.05263157894736842, 0.2777777777777778, 0.25, 0.1, 0.2777777777777778, 0.3333333333333333, 0.2222222222222222, 0.21052631578947367, 0.0, 0.3157894736842105, 0.2631578947368421, 0.2857142857142857, 0.3333333333333333, 0.4444444444444444, 0.3684210526315789, 0.35294117647058826, 0.2777777777777778, 0.35, 0.3125, 0.2857142857142857, 0.23529411764705882, 0.2777777777777778, 0.3, 0.3333333333333333, 0.3157894736842105, 0.45, 0.05263157894736842, 0.2631578947368421, 0.2222222222222222, 0.2222222222222222, 0.2, 0.25, 0.29411764705882354, 0.2777777777777778, 0.3684210526315789, 0.3333333333333333, 0.3684210526315789, 0.38095238095238093, 0.38095238095238093, 0.1111111111111111, 0.21052631578947367, 0.1, 0.3125, 0.16666666666666666, 0.4, 0.35294117647058826, 0.3684210526315789, 0.21052631578947367, 0.29411764705882354, 0.125, 0.2, 0.4117647058823529, 0.29411764705882354, 0.3888888888888889, 0.2857142857142857, 0.23529411764705882]
