Total side score = 2503
Average side score = 2.97621878716
Side score breakdown = [3, 3, 4, 3, 1, 2, 4, 4, 4, 2, 3, 4, 2, 3, 4, 3, 3, 4, 3, 3, 3, 4, 4, 3, 3, 3, 3, 4, 4, 4, 3, 3, 4, 3, 2, 1, 3, 4, 4, 1, 4, 4, 4, 4, 3, 4, 4, 4, 4, 4, 4, 3, 3, 3, 2, 3, 3, 1, 4, 1, 3, 4, 4, 3, 3, 1, 4, 2, 4, 1, 3, 3, 4, 3, 3, 1, 3, 4, 4, 1, 4, 4, 4, 4, 1, 4, 4, 4, 4, 1, 3, 2, 4, 3, 1, 2, 2, 1, 1, 2, 4, 4, 4, 4, 4, 3, 4, 4, 4, 4, 3, 3, 1, 3, 2, 3, 4, 4, 4, 2, 4, 4, 4, 4, 3, 2, 3, 3, 4, 4, 3, 3, 2, 2, 1, 2, 2, 3, 4, 4, 4, 4, 3, 3, 2, 4, 4, 4, 4, 4, 4, 2, 3, 4, 4, 3, 4, 4, 4, 3, 4, 4, 4, 2, 1, 4, 4, 2, 4, 4, 4, 3, 1, 3, 2, 1, 2, 1, 1, 1, 4, 4, 4, 3, 3, 3, 4, 4, 2, 4, 3, 3, 4, 2, 3, 3, 1, 1, 1, 2, 4, 4, 4, 4, 3, 4, 4, 4, 4, 4, 3, 3, 1, 2, 2, 1, 3, 1, 2, 4, 4, 4, 4, 4, 1, 4, 4, 4, 4, 1, 3, 2, 1, 3, 1, 2, 3, 1, 2, 2, 3, 1, 3, 3, 3, 1, 4, 4, 2, 2, 3, 3, 2, 2, 2, 1, 4, 1, 4, 2, 3, 4, 3, 3, 4, 4, 4, 4, 4, 3, 4, 4, 3, 4, 3, 1, 2, 2, 4, 3, 4, 4, 4, 2, 4, 4, 3, 3, 4, 4, 3, 2, 1, 2, 1, 2, 2, 3, 4, 1, 4, 4, 4, 3, 4, 3, 4, 4, 4, 2, 2, 3, 4, 1, 3, 1, 3, 4, 2, 3, 4, 3, 4, 4, 1, 4, 4, 4, 3, 4, 3, 3, 1, 4, 1, 4, 2, 2, 1, 1, 4, 4, 2, 4, 3, 4, 3, 1, 4, 1, 3, 3, 2, 3, 1, 3, 3, 1, 1, 3, 2, 2, 2, 4, 3, 3, 4, 4, 2, 3, 3, 3, 3, 3, 1, 2, 3, 3, 1, 4, 4, 4, 4, 4, 4, 4, 4, 4, 4, 4, 4, 2, 1, 4, 3, 1, 2, 3, 2, 4, 4, 4, 4, 4, 3, 3, 4, 2, 4, 1, 3, 2, 3, 4, 3, 4, 3, 1, 1, 3, 4, 4, 3, 2, 1, 4, 2, 4, 4, 4, 3, 1, 2, 1, 1, 2, 3, 4, 4, 3, 3, 4, 4, 4, 3, 4, 4, 4, 3, 4, 3, 2, 3, 3, 3, 2, 3, 1, 2, 3, 2, 3, 3, 4, 4, 4, 3, 4, 3, 2, 4, 2, 1, 4, 2, 3, 2, 3, 3, 1, 2, 4, 3, 3, 4, 3, 3, 4, 4, 4, 3, 2, 4, 3, 3, 2, 1, 3, 4, 1, 3, 4, 2, 4, 4, 4, 4, 4, 1, 1, 3, 2, 1, 2, 2, 2, 2, 2, 2, 4, 4, 4, 4, 4, 3, 4, 4, 4, 4, 1, 3, 4, 1, 3, 2, 3, 3, 1, 2, 2, 3, 4, 4, 4, 4, 2, 3, 4, 4, 4, 4, 3, 4, 2, 4, 3, 3, 2, 4, 3, 4, 4, 4, 4, 3, 4, 4, 2, 4, 3, 3, 2, 3, 3, 2, 3, 2, 4, 1, 1, 4, 3, 4, 4, 2, 4, 3, 4, 4, 4, 3, 2, 2, 4, 3, 1, 2, 1, 1, 1, 3, 3, 4, 3, 4, 4, 1, 4, 4, 3, 2, 3, 4, 3, 4, 4, 2, 1, 3, 3, 3, 4, 4, 4, 3, 4, 4, 4, 2, 4, 4, 3, 3, 2, 4, 3, 4, 2, 1, 4, 1, 4, 3, 3, 4, 1, 4, 4, 1, 4, 1, 3, 2, 3, 3, 1, 4, 2, 1, 4, 3, 4, 3, 3, 4, 3, 4, 3, 4, 4, 4, 3, 4, 4, 3, 4, 2, 3, 4, 1, 4, 4, 4, 4, 4, 4, 4, 4, 4, 4, 4, 3, 4, 1, 4, 2, 3, 3, 2, 3, 1, 4, 4, 4, 4, 4, 4, 2, 1, 3, 1, 4, 2, 1, 3, 1, 3, 2, 1, 1, 2, 4, 4, 4, 2, 3, 4, 4, 2, 3, 3, 3, 3, 4, 4, 3, 2, 3, 3, 3, 1, 4, 3, 2, 4, 4, 4, 4, 4, 4, 2, 4, 3, 4, 4, 4, 1, 3, 2, 2, 1, 4, 4, 3, 4, 3, 4, 4, 2, 3, 2, 3, 2, 1, 4, 3, 3, 2, 1, 1, 2, 2, 4, 4, 2, 1, 4, 4, 1, 3, 1, 3, 3, 4, 2, 1, 1, 3, 4, 1, 3, 3, 2, 4, 4, 4, 4, 2, 4, 3, 3, 3, 3, 4, 3, 3, 4, 3, 2, 2, 3, 4, 4, 2, 4, 1, 4, 4, 4, 3, 4, 3, 4, 1, 3, 1, 2, 2, 1, 1, 1]

Total across score = 1110
Average across score = 2.63657957245
Across score breakdown = [2, 3, 4, 2, 2, 4, 2, 2, 1, 1, 2, 4, 2, 4, 1, 2, 3, 4, 3, 1, 3, 4, 4, 2, 2, 1, 3, 4, 3, 3, 3, 4, 2, 4, 3, 2, 1, 2, 2, 2, 3, 4, 4, 1, 3, 1, 3, 3, 4, 4, 2, 1, 4, 2, 4, 2, 1, 1, 3, 3, 4, 3, 3, 2, 2, 4, 2, 2, 2, 2, 2, 2, 2, 3, 3, 3, 2, 4, 3, 4, 3, 4, 4, 4, 4, 1, 2, 4, 2, 2, 3, 3, 4, 4, 4, 3, 2, 3, 2, 2, 3, 3, 2, 1, 4, 2, 3, 3, 2, 1, 2, 4, 4, 1, 1, 4, 1, 1, 3, 1, 3, 3, 3, 3, 3, 2, 3, 4, 2, 3, 3, 2, 4, 2, 2, 2, 2, 3, 1, 3, 3, 2, 4, 1, 4, 3, 1, 1, 3, 3, 4, 4, 3, 4, 3, 3, 4, 2, 2, 2, 2, 1, 4, 3, 2, 2, 1, 2, 2, 1, 2, 2, 4, 4, 4, 4, 2, 1, 3, 1, 4, 3, 2, 2, 3, 3, 4, 4, 2, 3, 4, 4, 4, 4, 3, 3, 1, 3, 3, 2, 2, 4, 4, 3, 3, 3, 2, 2, 3, 3, 2, 3, 4, 1, 2, 3, 2, 3, 3, 2, 3, 4, 4, 3, 1, 3, 1, 2, 2, 2, 2, 1, 4, 4, 2, 1, 3, 1, 3, 3, 4, 4, 3, 4, 2, 1, 4, 1, 2, 2, 2, 2, 4, 4, 4, 2, 1, 3, 3, 2, 4, 1, 4, 1, 3, 4, 3, 1, 4, 2, 4, 3, 2, 4, 2, 2, 3, 4, 3, 1, 1, 1, 4, 1, 1, 2, 4, 4, 4, 1, 2, 4, 4, 4, 3, 1, 1, 1, 3, 4, 2, 3, 2, 2, 2, 3, 2, 2, 3, 3, 2, 3, 4, 4, 4, 2, 2, 1, 2, 3, 3, 2, 1, 4, 4, 3, 3, 3, 1, 3, 4, 3, 4, 4, 4, 3, 3, 4, 2, 3, 2, 3, 2, 2, 2, 2, 2, 1, 1, 3, 4, 2, 1, 4, 4, 4, 1, 3, 1, 3, 1, 1, 4, 3, 3, 4, 3, 4, 2, 3, 2, 3, 1, 4, 1, 4, 2, 1, 1, 3, 1, 2, 1, 4, 3, 2, 2, 4, 1, 3, 3, 2, 4, 4, 3, 4, 3, 3, 1, 2, 3, 2, 3, 3, 4, 4, 3, 2, 2, 3, 4, 2, 4, 4, 1, 1, 3, 1, 1, 3, 1]

Side score avg percent = 0.30505683232
Across score avg percent = 0.272172596728
Side score percent breakdown = [0.2631578947368421, 0.2631578947368421, 0.5263157894736842, 0.3, 0.15, 0.21052631578947367, 0.42105263157894735, 0.47368421052631576, 0.5263157894736842, 0.21052631578947367, 0.2631578947368421, 0.35, 0.21052631578947367, 0.3157894736842105, 0.4, 0.25, 0.2631578947368421, 0.3157894736842105, 0.25, 0.3157894736842105, 0.39603960396039606, 0.34, 0.38, 0.35, 0.25742574257425743, 0.32, 0.31, 0.43, 0.38, 0.5, 0.28, 0.25, 0.29, 0.26732673267326734, 0.24, 0.2, 0.31, 0.26, 0.48514851485148514, 0.21, 0.4088176352705411, 0.46092184368737477, 0.593186372745491, 0.40681362725450904, 0.24649298597194388, 0.6773547094188377, 0.3967935871743487, 0.376, 0.37675350701402804, 0.43286573146292584, 0.41, 0.328, 0.2725450901803607, 0.2905811623246493, 0.2, 0.27054108216432865, 0.2965931863727455, 0.17635270541082165, 0.314, 0.18236472945891782, 0.25, 0.4, 0.4, 0.21052631578947367, 0.25, 0.15789473684210525, 0.55, 0.21052631578947367, 0.35, 0.15789473684210525, 0.3157894736842105, 0.2631578947368421, 0.3684210526315789, 0.25, 0.21052631578947367, 0.2, 0.2631578947368421, 0.3684210526315789, 0.3157894736842105, 0.15789473684210525, 0.37, 0.37, 0.49504950495049505, 0.3564356435643564, 0.16831683168316833, 0.39, 0.45544554455445546, 0.297029702970297, 0.43, 0.2, 0.31, 0.25, 0.38, 0.28, 0.19, 0.22, 0.23, 0.16831683168316833, 0.21, 0.21782178217821782, 0.474, 0.6352705410821643, 0.386, 0.38276553106212424, 0.2925851703406814, 0.25250501002004005, 0.4248496993987976, 0.312, 0.3807615230460922, 0.2785571142284569, 0.312625250501002, 0.2905811623246493, 0.17835671342685372, 0.344, 0.19438877755511022, 0.28256513026052105, 0.3306613226452906, 0.3727454909819639, 0.368, 0.25250501002004005, 0.3, 0.42105263157894735, 0.3, 0.3684210526315789, 0.2631578947368421, 0.21052631578947367, 0.3157894736842105, 0.3157894736842105, 0.42105263157894735, 0.35, 0.2, 0.25, 0.21052631578947367, 0.21052631578947367, 0.15789473684210525, 0.2, 0.2631578947368421, 0.25, 0.3157894736842105, 0.35, 0.42, 0.5, 0.297029702970297, 0.3465346534653465, 0.2079207920792079, 0.36, 0.40594059405940597, 0.33, 0.37, 0.3, 0.39, 0.25, 0.2376237623762376, 0.29, 0.29, 0.23, 0.3564356435643564, 0.29, 0.27, 0.26, 0.48296593186372744, 0.561122244488978, 0.5711422845691383, 0.23446893787575152, 0.17034068136272545, 0.402, 0.39, 0.2124248496993988, 0.46693386773547096, 0.312625250501002, 0.384, 0.25250501002004005, 0.1963927855711423, 0.28256513026052105, 0.18637274549098196, 0.19438877755511022, 0.236, 0.158, 0.20440881763527055, 0.20440881763527055, 0.35, 0.3157894736842105, 0.4, 0.25, 0.25, 0.2631578947368421, 0.3684210526315789, 0.2631578947368421, 0.15, 0.2631578947368421, 0.21052631578947367, 0.3, 0.3684210526315789, 0.21052631578947367, 0.3, 0.3, 0.21052631578947367, 0.15789473684210525, 0.1, 0.15789473684210525, 0.49, 0.58, 0.39, 0.40594059405940597, 0.29, 0.52, 0.5148514851485149, 0.33, 0.48, 0.3564356435643564, 0.32, 0.29, 0.2, 0.23, 0.23, 0.19, 0.24752475247524752, 0.22, 0.22772277227722773, 0.26732673267326734, 0.476, 0.5210420841683366, 0.45, 0.3807615230460922, 0.20240480961923848, 0.44889779559118237, 0.442, 0.3486973947895792, 0.46893787575150303, 0.20240480961923848, 0.24048096192384769, 0.24649298597194388, 0.1843687374749499, 0.266, 0.21042084168336672, 0.22244488977955912, 0.2605210420841683, 0.206, 0.24649298597194388, 0.2, 0.3157894736842105, 0.21052631578947367, 0.3, 0.35, 0.25, 0.2, 0.47368421052631576, 0.42105263157894735, 0.2, 0.2, 0.25, 0.25, 0.21052631578947367, 0.15789473684210525, 0.25, 0.10526315789473684, 0.42105263157894735, 0.15789473684210525, 0.3684210526315789, 0.21052631578947367, 0.3069306930693069, 0.43564356435643564, 0.27, 0.31, 0.32, 0.47, 0.41, 0.32673267326732675, 0.36, 0.35, 0.38, 0.37, 0.25, 0.37, 0.25, 0.17, 0.24752475247524752, 0.22, 0.3069306930693069, 0.29, 0.4789579158316633, 0.492, 0.5671342685370742, 0.2625250501002004, 0.36072144288577157, 0.4969939879759519, 0.3406813627254509, 0.24448897795591182, 0.3807615230460922, 0.374, 0.3226452905811623, 0.3286573146292585, 0.198, 0.27655310621242485, 0.19438877755511022, 0.24, 0.22645290581162325, 0.218436873747495, 0.3286573146292585, 0.1963927855711423, 0.47368421052631576, 0.42105263157894735, 0.35, 0.2631578947368421, 0.35, 0.3157894736842105, 0.3157894736842105, 0.2631578947368421, 0.42105263157894735, 0.21052631578947367, 0.21052631578947367, 0.2631578947368421, 0.3684210526315789, 0.15789473684210525, 0.25, 0.15789473684210525, 0.2631578947368421, 0.25, 0.21052631578947367, 0.3684210526315789, 0.48, 0.31, 0.5346534653465347, 0.44554455445544555, 0.18811881188118812, 0.44, 0.36, 0.33, 0.31, 0.41, 0.27, 0.3, 0.16831683168316833, 0.31, 0.19, 0.28, 0.24, 0.1782178217821782, 0.19801980198019803, 0.18, 0.4729458917835671, 0.518, 0.222, 0.316, 0.25, 0.4188376753507014, 0.296, 0.198, 0.5571142284569138, 0.156312625250501, 0.3026052104208417, 0.3026052104208417, 0.194, 0.2785571142284569, 0.1963927855711423, 0.264, 0.302, 0.198, 0.18236472945891782, 0.2905811623246493, 0.2631578947368421, 0.21052631578947367, 0.21052631578947367, 0.35, 0.25, 0.3157894736842105, 0.3157894736842105, 0.5, 0.2, 0.25, 0.2631578947368421, 0.2631578947368421, 0.2631578947368421, 0.2631578947368421, 0.15, 0.15789473684210525, 0.2631578947368421, 0.2631578947368421, 0.15, 0.3157894736842105, 0.51, 0.39603960396039606, 0.46534653465346537, 0.43, 0.34, 0.48, 0.44, 0.3, 0.44, 0.28, 0.35, 0.17, 0.13861386138613863, 0.32, 0.2376237623762376, 0.15, 0.24752475247524752, 0.27, 0.24, 0.2871287128712871, 0.4168336673346693, 0.5751503006012024, 0.5691382765531062, 0.3366733466933868, 0.264, 0.30060120240480964, 0.35671342685370744, 0.24048096192384769, 0.37074148296593185, 0.1462925851703407, 0.28857715430861725, 0.24248496993987975, 0.3727454909819639, 0.39478957915831664, 0.24248496993987975, 0.40681362725450904, 0.2685370741482966, 0.17234468937875752, 0.20641282565130262, 0.2545090180360721, 0.4, 0.3157894736842105, 0.25, 0.15789473684210525, 0.15789473684210525, 0.3684210526315789, 0.2631578947368421, 0.3, 0.42105263157894735, 0.55, 0.21052631578947367, 0.21052631578947367, 0.21052631578947367, 0.15, 0.1, 0.21052631578947367, 0.3684210526315789, 0.3157894736842105, 0.2631578947368421, 0.25, 0.36633663366336633, 0.45, 0.56, 0.36633663366336633, 0.3, 0.45544554455445546, 0.45, 0.38, 0.297029702970297, 0.5247524752475248, 0.28, 0.24, 0.26, 0.3, 0.31683168316831684, 0.23, 0.3, 0.17, 0.21782178217821782, 0.25, 0.23446893787575152, 0.342685370741483, 0.332, 0.35671342685370744, 0.428, 0.504, 0.3687374749498998, 0.3246492985971944, 0.324, 0.24649298597194388, 0.3807615230460922, 0.25250501002004005, 0.194, 0.40480961923847697, 0.23847695390781562, 0.250501002004008, 0.25, 0.264, 0.252, 0.21442885771543085, 0.2, 0.35, 0.2631578947368421, 0.25, 0.4, 0.2631578947368421, 0.3, 0.3157894736842105, 0.3, 0.3684210526315789, 0.25, 0.15789473684210525, 0.3, 0.3157894736842105, 0.25, 0.21052631578947367, 0.15789473684210525, 0.2631578947368421, 0.35, 0.15, 0.38, 0.38613861386138615, 0.29, 0.45544554455445546, 0.48, 0.36, 0.49504950495049505, 0.29, 0.19, 0.1485148514851485, 0.3465346534653465, 0.21782178217821782, 0.18, 0.26, 0.19, 0.23, 0.26, 0.23, 0.2376237623762376, 0.29, 0.4849699398797595, 0.46693386773547096, 0.576, 0.364, 0.246, 0.416, 0.424, 0.3466933867735471, 0.508, 0.1743486973947896, 0.3026052104208417, 0.4348697394789579, 0.182, 0.22244488977955912, 0.186, 0.312625250501002, 0.29, 0.182, 0.18036072144288579, 0.2124248496993988, 0.2631578947368421, 0.35, 0.3, 0.3, 0.35, 0.21052631578947367, 0.3157894736842105, 0.3684210526315789, 0.5, 0.4, 0.35, 0.25, 0.3157894736842105, 0.2, 0.4, 0.2631578947368421, 0.35, 0.21052631578947367, 0.42105263157894735, 0.3, 0.44554455445544555, 0.47, 0.36, 0.37, 0.26732673267326734, 0.4752475247524752, 0.38613861386138615, 0.25, 0.43, 0.3, 0.3, 0.23, 0.27722772277227725, 0.27722772277227725, 0.19, 0.24, 0.25742574257425743, 0.34, 0.18, 0.19, 0.364, 0.3927855711422846, 0.426, 0.35470941883767537, 0.23647294589178355, 0.322, 0.3306613226452906, 0.35070140280561124, 0.4468937875751503, 0.302, 0.308, 0.2985971943887776, 0.232, 0.3907815631262525, 0.2605210420841683, 0.196, 0.21042084168336672, 0.202, 0.18236472945891782, 0.194, 0.29458917835671344, 0.2631578947368421, 0.3157894736842105, 0.3684210526315789, 0.47368421052631576, 0.3157894736842105, 0.10526315789473684, 0.3157894736842105, 0.35, 0.2631578947368421, 0.21052631578947367, 0.21052631578947367, 0.3157894736842105, 0.25, 0.35, 0.3684210526315789, 0.15789473684210525, 0.15789473684210525, 0.3, 0.25, 0.2631578947368421, 0.47, 0.39, 0.297029702970297, 0.31, 0.34, 0.42, 0.32673267326732675, 0.19, 0.34, 0.29, 0.33, 0.32, 0.24, 0.4, 0.25742574257425743, 0.36, 0.28, 0.2079207920792079, 0.29, 0.22, 0.518, 0.35070140280561124, 0.25250501002004005, 0.4228456913827655, 0.21042084168336672, 0.501002004008016, 0.3587174348697395, 0.172, 0.34468937875751504, 0.1903807615230461, 0.2685370741482966, 0.21442885771543085, 0.26452905811623245, 0.32665330661322645, 0.20841683366733466, 0.48096192384769537, 0.22444889779559118, 0.1402805611222445, 0.264, 0.242, 0.5263157894736842, 0.25, 0.25, 0.4, 0.35, 0.3684210526315789, 0.3, 0.3, 0.2631578947368421, 0.3684210526315789, 0.2631578947368421, 0.42105263157894735, 0.35, 0.2631578947368421, 0.3, 0.21052631578947367, 0.3157894736842105, 0.4, 0.21052631578947367, 0.3157894736842105, 0.39603960396039606, 0.44554455445544555, 0.34, 0.56, 0.32673267326732675, 0.36, 0.5346534653465347, 0.39, 0.37, 0.42, 0.28, 0.42, 0.21, 0.38, 0.24, 0.24, 0.29, 0.22, 0.25, 0.15, 0.344, 0.474, 0.39478957915831664, 0.34, 0.382, 0.486, 0.266, 0.1963927855711423, 0.382, 0.20240480961923848, 0.432, 0.24649298597194388, 0.182, 0.32665330661322645, 0.18036072144288579, 0.282, 0.22845691382765532, 0.17835671342685372, 0.1963927855711423, 0.238, 0.45, 0.42105263157894735, 0.3684210526315789, 0.21052631578947367, 0.2, 0.3684210526315789, 0.3684210526315789, 0.2631578947368421, 0.2631578947368421, 0.25, 0.2631578947368421, 0.25, 0.2631578947368421, 0.3684210526315789, 0.21052631578947367, 0.25, 0.3, 0.25, 0.25, 0.1, 0.45544554455445546, 0.33, 0.25742574257425743, 0.41, 0.34, 0.4158415841584158, 0.38613861386138615, 0.3465346534653465, 0.32, 0.25742574257425743, 0.39, 0.297029702970297, 0.37, 0.4, 0.29, 0.18, 0.34, 0.22772277227722773, 0.24, 0.16831683168316833, 0.4969939879759519, 0.382, 0.322, 0.354, 0.328, 0.5130260521042084, 0.484, 0.24048096192384769, 0.34468937875751504, 0.21442885771543085, 0.2745490981963928, 0.19839679358717435, 0.18837675350701402, 0.342685370741483, 0.256, 0.25250501002004005, 0.2785571142284569, 0.19839679358717435, 0.20040080160320642, 0.22, 0.2631578947368421, 0.5263157894736842, 0.35, 0.25, 0.15, 0.2631578947368421, 0.3684210526315789, 0.15, 0.25, 0.15, 0.2631578947368421, 0.21052631578947367, 0.3157894736842105, 0.2, 0.2, 0.21052631578947367, 0.2631578947368421, 0.3157894736842105, 0.15, 0.2631578947368421, 0.35, 0.28, 0.32673267326732675, 0.47, 0.31683168316831684, 0.4, 0.28, 0.29, 0.27722772277227725, 0.25, 0.4, 0.25742574257425743, 0.36, 0.25, 0.22, 0.31, 0.3069306930693069, 0.21, 0.22, 0.29, 0.43887775551102204, 0.478, 0.2685370741482966, 0.3587174348697395, 0.236, 0.452, 0.37675350701402804, 0.412, 0.3406813627254509, 0.292, 0.3106212424849699, 0.4649298597194389, 0.17234468937875752, 0.28, 0.20841683366733466, 0.20841683366733466, 0.262, 0.17635270541082165, 0.1743486973947896, 0.17635270541082165]
Across score percent breakdown = [0.2631578947368421, 0.2631578947368421, 0.3684210526315789, 0.15789473684210525, 0.15789473684210525, 0.2631578947368421, 0.21052631578947367, 0.15789473684210525, 0.15789473684210525, 0.1, 0.18, 0.31683168316831684, 0.25, 0.38613861386138615, 0.17, 0.23, 0.2871287128712871, 0.28, 0.24, 0.13, 0.2965931863727455, 0.4308617234468938, 0.41082164328657317, 0.2545090180360721, 0.22645290581162325, 0.18236472945891782, 0.282, 0.3527054108216433, 0.266, 0.27054108216432865, 0.21052631578947367, 0.35, 0.21052631578947367, 0.3684210526315789, 0.3157894736842105, 0.21052631578947367, 0.15, 0.15789473684210525, 0.21052631578947367, 0.21052631578947367, 0.3564356435643564, 0.2871287128712871, 0.42, 0.17, 0.25, 0.16, 0.27722772277227725, 0.25, 0.38, 0.42, 0.17635270541082165, 0.206, 0.5350701402805611, 0.226, 0.4088176352705411, 0.2124248496993988, 0.16, 0.18837675350701402, 0.2985971943887776, 0.2785571142284569, 0.42105263157894735, 0.25, 0.21052631578947367, 0.21052631578947367, 0.21052631578947367, 0.3684210526315789, 0.25, 0.21052631578947367, 0.05263157894736842, 0.21052631578947367, 0.23, 0.25, 0.24, 0.26, 0.297029702970297, 0.31, 0.19, 0.27, 0.32, 0.297029702970297, 0.3667334669338677, 0.432, 0.625250501002004, 0.3046092184368738, 0.334, 0.17635270541082165, 0.24, 0.2905811623246493, 0.21042084168336672, 0.22244488977955912, 0.25, 0.25, 0.3157894736842105, 0.42105263157894735, 0.3684210526315789, 0.3, 0.21052631578947367, 0.3, 0.10526315789473684, 0.21052631578947367, 0.26, 0.26732673267326734, 0.24, 0.18, 0.39603960396039606, 0.24, 0.2079207920792079, 0.24, 0.23711340206185566, 0.22, 0.256, 0.4248496993987976, 0.593186372745491, 0.18236472945891782, 0.204, 0.4789579158316633, 0.18036072144288579, 0.18036072144288579, 0.296, 0.198, 0.25, 0.3, 0.3, 0.3157894736842105, 0.2631578947368421, 0.21052631578947367, 0.25, 0.3, 0.21052631578947367, 0.2631578947368421, 0.24, 0.2079207920792079, 0.35, 0.19801980198019803, 0.21, 0.19, 0.16831683168316833, 0.27, 0.2, 0.27, 0.31462925851703405, 0.2, 0.552, 0.1903807615230461, 0.4168336673346693, 0.3026052104208417, 0.152, 0.18, 0.2865731462925852, 0.29458917835671344, 0.45, 0.3157894736842105, 0.2631578947368421, 0.3684210526315789, 0.3157894736842105, 0.3157894736842105, 0.5263157894736842, 0.2, 0.15789473684210525, 0.21052631578947367, 0.18811881188118812, 0.15, 0.5, 0.25, 0.22, 0.18811881188118812, 0.17, 0.26, 0.22, 0.14, 0.26, 0.242, 0.655310621242485, 0.3787575150300601, 0.38877755511022044, 0.32, 0.236, 0.1843687374749499, 0.24248496993987975, 0.166, 0.42105263157894735, 0.3157894736842105, 0.15789473684210525, 0.25, 0.2631578947368421, 0.4, 0.3157894736842105, 0.3684210526315789, 0.15789473684210525, 0.2631578947368421, 0.31, 0.4752475247524752, 0.43, 0.29, 0.3, 0.2376237623762376, 0.18, 0.27722772277227725, 0.26, 0.22772277227722773, 0.22044088176352705, 0.36472945891783565, 0.542, 0.23, 0.280561122244489, 0.28256513026052105, 0.216, 0.262, 0.27054108216432865, 0.2725450901803607, 0.2, 0.3684210526315789, 0.4, 0.10526315789473684, 0.21052631578947367, 0.35, 0.2, 0.2631578947368421, 0.2631578947368421, 0.21052631578947367, 0.3, 0.32673267326732675, 0.44554455445544555, 0.25, 0.22772277227722773, 0.29, 0.18811881188118812, 0.21, 0.24, 0.22, 0.2124248496993988, 0.192, 0.5410821643286573, 0.3166332665330661, 0.23647294589178355, 0.20641282565130262, 0.288, 0.188, 0.3106212424849699, 0.27655310621242485, 0.3157894736842105, 0.5, 0.3157894736842105, 0.3684210526315789, 0.2631578947368421, 0.10526315789473684, 0.3, 0.10526315789473684, 0.15789473684210525, 0.2631578947368421, 0.18811881188118812, 0.22772277227722773, 0.5, 0.29, 0.2871287128712871, 0.19, 0.17, 0.26, 0.34, 0.2376237623762376, 0.32665330661322645, 0.182, 0.5110220440881763, 0.1963927855711423, 0.2925851703406814, 0.35671342685370744, 0.276, 0.17835671342685372, 0.36, 0.23446893787575152, 0.47368421052631576, 0.2, 0.2631578947368421, 0.2631578947368421, 0.15789473684210525, 0.2, 0.2, 0.3157894736842105, 0.21052631578947367, 0.21052631578947367, 0.15, 0.16, 0.3564356435643564, 0.21, 0.21, 0.21, 0.297029702970297, 0.29, 0.37, 0.14, 0.2965931863727455, 0.278, 0.526, 0.48, 0.2925851703406814, 0.20040080160320642, 0.18, 0.17635270541082165, 0.26706827309236947, 0.36072144288577157, 0.22444889779559118, 0.3157894736842105, 0.2631578947368421, 0.15789473684210525, 0.21052631578947367, 0.2631578947368421, 0.15789473684210525, 0.15, 0.3157894736842105, 0.3, 0.15789473684210525, 0.26, 0.4158415841584158, 0.44, 0.37, 0.18, 0.27, 0.16831683168316833, 0.24, 0.27, 0.27, 0.2545090180360721, 0.2, 0.542, 0.408, 0.26452905811623245, 0.30861723446893785, 0.2565130260521042, 0.192, 0.2985971943887776, 0.344, 0.2631578947368421, 0.4, 0.42105263157894735, 0.3684210526315789, 0.2631578947368421, 0.21052631578947367, 0.5, 0.15789473684210525, 0.21052631578947367, 0.2631578947368421, 0.26, 0.21782178217821782, 0.22, 0.21, 0.22772277227722773, 0.16, 0.18, 0.16, 0.31, 0.28, 0.23246492985971945, 0.214, 0.4729458917835671, 0.4288577154308617, 0.3667334669338677, 0.18036072144288579, 0.272, 0.2124248496993988, 0.292, 0.22044088176352705, 0.15789473684210525, 0.4, 0.25, 0.3, 0.35, 0.3157894736842105, 0.35, 0.21052631578947367, 0.2631578947368421, 0.21052631578947367, 0.26732673267326734, 0.19801980198019803, 0.36633663366336633, 0.15, 0.26732673267326734, 0.25, 0.15841584158415842, 0.15, 0.3, 0.1782178217821782, 0.22845691382765532, 0.182, 0.6533066132264529, 0.27054108216432865, 0.23446893787575152, 0.22244488977955912, 0.298, 0.17034068136272545, 0.3106212424849699, 0.30861723446893785, 0.2, 0.3, 0.3684210526315789, 0.2631578947368421, 0.3684210526315789, 0.2631578947368421, 0.35, 0.15789473684210525, 0.21052631578947367, 0.3, 0.26732673267326734, 0.26732673267326734, 0.3, 0.37, 0.3069306930693069, 0.27722772277227725, 0.2, 0.27, 0.3069306930693069, 0.3, 0.23446893787575152, 0.386, 0.6392785571142284, 0.22444889779559118, 0.21042084168336672, 0.27054108216432865, 0.16032064128256512, 0.15030060120240482, 0.3299798792756539, 0.1743486973947896]
