Total side score = 2311
Average side score = 2.74791914388
Side score breakdown = [3, 4, 3, 1, 3, 2, 4, 3, 4, 1, 2, 2, 2, 4, 2, 2, 4, 1, 4, 3, 4, 4, 1, 3, 4, 4, 4, 4, 4, 4, 3, 4, 2, 2, 3, 1, 4, 4, 2, 2, 4, 4, 4, 3, 4, 4, 4, 4, 4, 3, 3, 3, 2, 2, 2, 4, 1, 3, 2, 3, 4, 4, 3, 3, 4, 3, 2, 1, 3, 4, 1, 4, 3, 3, 2, 2, 4, 3, 1, 1, 4, 4, 4, 1, 3, 3, 4, 1, 4, 4, 3, 4, 1, 1, 4, 4, 1, 3, 2, 2, 1, 4, 4, 4, 2, 2, 4, 1, 4, 4, 1, 1, 1, 2, 1, 4, 4, 4, 3, 2, 3, 4, 3, 3, 2, 2, 3, 2, 2, 2, 2, 2, 2, 1, 2, 4, 3, 2, 3, 3, 2, 3, 3, 2, 4, 4, 4, 4, 4, 4, 2, 3, 1, 4, 3, 2, 4, 3, 2, 1, 4, 4, 4, 1, 2, 4, 2, 4, 4, 1, 2, 1, 1, 2, 3, 1, 1, 1, 1, 1, 3, 4, 2, 3, 3, 4, 4, 4, 3, 3, 2, 4, 1, 3, 2, 2, 1, 3, 2, 2, 3, 4, 1, 3, 4, 3, 4, 2, 4, 3, 3, 1, 3, 2, 4, 1, 1, 1, 4, 1, 4, 4, 4, 1, 4, 4, 4, 4, 4, 2, 1, 1, 4, 1, 4, 1, 1, 1, 1, 3, 3, 3, 4, 3, 3, 3, 4, 3, 1, 3, 3, 2, 2, 2, 4, 2, 1, 3, 2, 1, 2, 3, 3, 4, 1, 4, 4, 3, 4, 4, 2, 3, 2, 3, 4, 2, 2, 1, 3, 1, 2, 4, 4, 4, 2, 4, 3, 2, 4, 4, 1, 1, 4, 1, 2, 4, 3, 4, 1, 1, 4, 4, 3, 4, 4, 4, 4, 3, 1, 2, 4, 4, 3, 3, 1, 3, 4, 2, 2, 3, 1, 4, 1, 1, 4, 3, 4, 1, 1, 1, 1, 1, 1, 1, 4, 1, 2, 1, 1, 3, 2, 2, 4, 3, 3, 4, 1, 3, 3, 3, 2, 2, 4, 1, 4, 4, 1, 4, 3, 2, 3, 2, 3, 3, 3, 3, 4, 3, 3, 3, 4, 3, 1, 1, 4, 2, 3, 2, 3, 1, 4, 4, 2, 4, 4, 1, 4, 1, 1, 4, 1, 1, 3, 3, 3, 3, 3, 1, 1, 2, 4, 4, 4, 3, 4, 4, 2, 1, 4, 4, 2, 3, 1, 3, 4, 3, 1, 2, 1, 1, 3, 3, 3, 1, 4, 3, 4, 2, 4, 4, 2, 2, 1, 1, 1, 2, 4, 3, 4, 4, 4, 4, 2, 3, 2, 4, 4, 3, 4, 3, 1, 3, 2, 3, 1, 3, 1, 3, 1, 2, 1, 3, 4, 4, 2, 4, 4, 3, 4, 4, 3, 1, 4, 2, 2, 3, 3, 1, 1, 1, 4, 3, 3, 4, 4, 2, 4, 4, 2, 4, 4, 4, 2, 3, 2, 2, 3, 4, 3, 3, 2, 2, 4, 4, 4, 2, 4, 3, 4, 3, 1, 1, 3, 2, 4, 4, 2, 1, 4, 4, 1, 4, 4, 3, 2, 4, 4, 3, 4, 4, 3, 1, 3, 2, 4, 1, 1, 4, 2, 2, 3, 4, 3, 4, 3, 4, 4, 1, 4, 4, 3, 4, 3, 4, 1, 3, 2, 3, 3, 2, 1, 4, 2, 3, 4, 4, 2, 1, 2, 1, 4, 3, 1, 2, 4, 2, 4, 3, 3, 3, 4, 4, 4, 2, 3, 4, 4, 1, 4, 4, 1, 2, 3, 3, 4, 3, 1, 1, 4, 1, 2, 2, 3, 3, 4, 3, 4, 4, 3, 4, 4, 2, 3, 4, 4, 2, 2, 3, 3, 4, 2, 4, 4, 4, 4, 4, 4, 2, 2, 4, 3, 1, 2, 1, 3, 3, 1, 1, 1, 2, 3, 1, 3, 4, 1, 3, 4, 1, 1, 4, 1, 3, 3, 4, 1, 4, 1, 1, 1, 3, 3, 4, 3, 1, 3, 4, 1, 4, 4, 3, 3, 4, 4, 3, 4, 4, 2, 4, 2, 4, 3, 2, 4, 2, 4, 4, 4, 4, 2, 3, 2, 1, 1, 3, 2, 4, 1, 2, 2, 1, 1, 1, 4, 4, 4, 1, 4, 1, 4, 4, 4, 3, 1, 4, 1, 4, 3, 1, 1, 3, 2, 4, 4, 4, 3, 3, 4, 2, 2, 3, 2, 4, 4, 3, 3, 2, 2, 3, 4, 2, 3, 1, 2, 2, 4, 4, 3, 4, 4, 4, 3, 1, 4, 1, 4, 4, 1, 2, 3, 2, 2, 1, 3, 4, 3, 4, 4, 2, 4, 2, 4, 4, 1, 1, 3, 3, 1, 1, 1, 1, 2, 4, 4, 3, 1, 4, 4, 1, 4, 2, 1, 3, 4, 1, 1, 3, 1, 4, 2, 3, 3, 3, 4, 2, 4, 4, 4, 4, 2, 4, 4, 2, 4, 1, 3, 4, 3, 2, 2, 3, 2, 4, 2, 4, 1, 3, 4, 4, 3, 4, 4, 1, 1, 4, 1, 3, 3, 1, 2, 4, 2]

Total across score = 1472
Average across score = 3.49643705463
Across score breakdown = [3, 4, 2, 3, 4, 3, 2, 3, 3, 3, 3, 4, 3, 4, 4, 3, 4, 3, 4, 3, 4, 4, 4, 4, 4, 4, 4, 3, 4, 4, 3, 2, 4, 4, 4, 3, 2, 3, 2, 4, 4, 3, 4, 4, 4, 3, 4, 3, 4, 3, 4, 4, 4, 4, 4, 3, 4, 4, 4, 3, 4, 3, 3, 4, 4, 3, 4, 4, 3, 3, 4, 3, 4, 4, 4, 4, 4, 4, 4, 3, 4, 4, 4, 4, 4, 4, 4, 4, 4, 3, 4, 4, 4, 3, 4, 3, 3, 3, 3, 3, 4, 4, 4, 4, 4, 3, 4, 2, 4, 2, 4, 4, 4, 4, 4, 3, 4, 3, 3, 3, 3, 4, 3, 4, 4, 3, 3, 2, 3, 3, 3, 4, 2, 4, 4, 4, 4, 4, 4, 3, 4, 4, 4, 4, 4, 3, 4, 4, 3, 3, 4, 2, 3, 1, 2, 2, 4, 3, 4, 2, 4, 4, 3, 4, 4, 3, 3, 2, 4, 3, 4, 4, 4, 4, 4, 3, 4, 4, 3, 3, 2, 4, 4, 3, 4, 3, 3, 3, 4, 3, 4, 4, 4, 4, 4, 4, 4, 3, 4, 3, 4, 4, 4, 4, 4, 3, 4, 4, 3, 3, 4, 4, 4, 4, 4, 3, 3, 2, 4, 3, 3, 4, 4, 4, 4, 3, 4, 4, 3, 3, 2, 4, 4, 4, 4, 4, 4, 4, 4, 3, 2, 2, 4, 4, 4, 3, 4, 4, 3, 2, 3, 4, 4, 4, 4, 3, 4, 2, 4, 3, 4, 4, 4, 4, 4, 3, 4, 3, 4, 4, 3, 4, 4, 2, 3, 4, 4, 1, 1, 3, 4, 4, 4, 4, 4, 3, 4, 3, 4, 3, 4, 4, 4, 3, 4, 3, 4, 3, 4, 3, 4, 3, 3, 3, 1, 4, 3, 4, 1, 3, 3, 4, 4, 4, 4, 4, 3, 2, 4, 4, 4, 4, 4, 4, 4, 4, 3, 4, 4, 4, 4, 4, 4, 2, 3, 3, 3, 3, 3, 3, 4, 4, 3, 4, 4, 4, 3, 4, 3, 4, 3, 4, 4, 4, 4, 4, 4, 4, 4, 4, 4, 4, 3, 2, 2, 4, 3, 3, 3, 3, 3, 4, 4, 4, 4, 4, 4, 4, 3, 4, 4, 4, 4, 4, 4, 4, 3, 4, 4, 4, 3, 2, 2, 3, 2, 2, 3, 3, 3, 4, 1, 3, 3, 4, 4, 4, 3, 4, 3, 4, 3, 4, 4, 4, 4, 3, 3, 4, 4, 4, 3]

Side score avg percent = 0.279097966731
Across score avg percent = 0.343714372975
Side score percent breakdown = [0.2631578947368421, 0.5263157894736842, 0.3157894736842105, 0.15, 0.35, 0.25, 0.47368421052631576, 0.2631578947368421, 0.2631578947368421, 0.1, 0.21052631578947367, 0.21052631578947367, 0.2, 0.4, 0.25, 0.15789473684210525, 0.3157894736842105, 0.15789473684210525, 0.3, 0.3, 0.31683168316831684, 0.38, 0.2, 0.25742574257425743, 0.32673267326732675, 0.39, 0.43, 0.38613861386138615, 0.28, 0.3564356435643564, 0.2871287128712871, 0.29, 0.21782178217821782, 0.24, 0.28, 0.18, 0.26, 0.34, 0.19801980198019803, 0.22772277227722773, 0.4308617234468938, 0.593186372745491, 0.638, 0.24649298597194388, 0.314, 0.542, 0.376, 0.4, 0.4849699398797595, 0.26452905811623245, 0.282, 0.2725450901803607, 0.244, 0.2, 0.25, 0.338, 0.17635270541082165, 0.3066132264529058, 0.24448897795591182, 0.2785571142284569, 0.35, 0.4, 0.35, 0.25, 0.5, 0.25, 0.21052631578947367, 0.15, 0.2631578947368421, 0.3, 0.15, 0.3684210526315789, 0.21052631578947367, 0.21052631578947367, 0.2, 0.2, 0.3684210526315789, 0.2, 0.15789473684210525, 0.15, 0.2871287128712871, 0.49504950495049505, 0.31, 0.16831683168316833, 0.27, 0.297029702970297, 0.297029702970297, 0.14, 0.39, 0.41, 0.27722772277227725, 0.38, 0.19, 0.19, 0.38, 0.31, 0.16831683168316833, 0.26732673267326734, 0.21782178217821782, 0.22, 0.206, 0.386, 0.6, 0.2925851703406814, 0.24048096192384769, 0.192, 0.312, 0.1963927855711423, 0.4228456913827655, 0.304, 0.16, 0.17835671342685372, 0.1903807615230461, 0.19438877755511022, 0.192, 0.31462925851703405, 0.3727454909819639, 0.334, 0.29458917835671344, 0.22645290581162325, 0.25, 0.3, 0.3157894736842105, 0.2631578947368421, 0.25, 0.21052631578947367, 0.3157894736842105, 0.2, 0.2, 0.2, 0.25, 0.21052631578947367, 0.2, 0.15789473684210525, 0.25, 0.35, 0.25, 0.2, 0.3157894736842105, 0.25, 0.25, 0.297029702970297, 0.26732673267326734, 0.2079207920792079, 0.3069306930693069, 0.3465346534653465, 0.33, 0.297029702970297, 0.33, 0.27, 0.19, 0.2376237623762376, 0.16831683168316833, 0.29, 0.297029702970297, 0.16, 0.29, 0.28, 0.24, 0.17, 0.432, 0.5711422845691383, 0.5971943887775552, 0.17034068136272545, 0.24649298597194388, 0.6032064128256514, 0.2124248496993988, 0.306, 0.5090180360721442, 0.208, 0.24, 0.1963927855711423, 0.1963927855711423, 0.18637274549098196, 0.246, 0.198, 0.158, 0.198, 0.15831663326653306, 0.202, 0.25, 0.4, 0.21052631578947367, 0.25, 0.3, 0.3157894736842105, 0.2631578947368421, 0.3157894736842105, 0.21052631578947367, 0.25, 0.21052631578947367, 0.3684210526315789, 0.15, 0.3, 0.2, 0.15789473684210525, 0.15789473684210525, 0.25, 0.21052631578947367, 0.2, 0.26732673267326734, 0.39, 0.2, 0.29, 0.2871287128712871, 0.2376237623762376, 0.33, 0.23, 0.45, 0.36633663366336633, 0.2079207920792079, 0.2, 0.24752475247524752, 0.23, 0.31, 0.19801980198019803, 0.22, 0.21, 0.297029702970297, 0.17, 0.4248496993987976, 0.45, 0.364, 0.20240480961923848, 0.378, 0.5250501002004008, 0.3486973947895792, 0.286, 0.438, 0.198, 0.18036072144288579, 0.1843687374749499, 0.29458917835671344, 0.21042084168336672, 0.28857715430861725, 0.196, 0.206, 0.21643286573146292, 0.22444889779559118, 0.33266533066132264, 0.3, 0.3, 0.2631578947368421, 0.25, 0.3, 0.2, 0.42105263157894735, 0.2631578947368421, 0.10526315789473684, 0.25, 0.25, 0.21052631578947367, 0.21052631578947367, 0.25, 0.3, 0.2, 0.15789473684210525, 0.25, 0.2, 0.15, 0.2079207920792079, 0.27, 0.22772277227722773, 0.32, 0.1782178217821782, 0.4, 0.32673267326732675, 0.24752475247524752, 0.39, 0.40594059405940597, 0.16831683168316833, 0.25, 0.18811881188118812, 0.25, 0.4, 0.2, 0.22, 0.21, 0.24752475247524752, 0.1782178217821782, 0.2, 0.5671342685370742, 0.6052104208416834, 0.36072144288577157, 0.24649298597194388, 0.74, 0.24448897795591182, 0.23647294589178355, 0.4028056112224449, 0.328, 0.152, 0.198, 0.316, 0.19438877755511022, 0.250501002004008, 0.36072144288577157, 0.218436873747495, 0.27655310621242485, 0.184, 0.19, 0.3157894736842105, 0.35, 0.2631578947368421, 0.35, 0.35, 0.35, 0.2631578947368421, 0.25, 0.15789473684210525, 0.25, 0.5263157894736842, 0.3684210526315789, 0.2, 0.25, 0.15789473684210525, 0.3, 0.25, 0.21052631578947367, 0.15, 0.3, 0.15, 0.5346534653465347, 0.17, 0.18811881188118812, 0.3069306930693069, 0.3, 0.33, 0.18811881188118812, 0.13861386138613863, 0.21, 0.17, 0.16831683168316833, 0.16, 0.19, 0.3465346534653465, 0.1782178217821782, 0.1782178217821782, 0.15, 0.21782178217821782, 0.26732673267326734, 0.242, 0.222, 0.5290581162324649, 0.25, 0.268, 0.67, 0.198, 0.24248496993987975, 0.374, 0.2965931863727455, 0.236, 0.194, 0.28857715430861725, 0.1963927855711423, 0.3166332665330661, 0.30060120240480964, 0.198, 0.2865731462925852, 0.28857715430861725, 0.21042084168336672, 0.3157894736842105, 0.21052631578947367, 0.25, 0.25, 0.25, 0.25, 0.5, 0.3, 0.25, 0.25, 0.3157894736842105, 0.2631578947368421, 0.15, 0.15, 0.35, 0.21052631578947367, 0.2631578947368421, 0.21052631578947367, 0.25, 0.2, 0.4752475247524752, 0.46534653465346537, 0.22772277227722773, 0.34, 0.48514851485148514, 0.19801980198019803, 0.3, 0.18811881188118812, 0.21782178217821782, 0.49504950495049505, 0.18, 0.13861386138613863, 0.2376237623762376, 0.2376237623762376, 0.26262626262626265, 0.29, 0.27, 0.10891089108910891, 0.19, 0.22, 0.36472945891783565, 0.5691382765531062, 0.5991983967935872, 0.264, 0.286, 0.464, 0.24048096192384769, 0.1683366733466934, 0.3627254509018036, 0.3667334669338677, 0.216, 0.3727454909819639, 0.15430861723446893, 0.24248496993987975, 0.33867735470941884, 0.280561122244489, 0.17234468937875752, 0.23647294589178355, 0.22044088176352705, 0.19839679358717435, 0.3684210526315789, 0.25, 0.25, 0.15789473684210525, 0.45, 0.3, 0.3, 0.25, 0.42105263157894735, 0.3157894736842105, 0.2, 0.21052631578947367, 0.2, 0.1, 0.15, 0.15789473684210525, 0.3157894736842105, 0.2631578947368421, 0.35, 0.3157894736842105, 0.32673267326732675, 0.56, 0.2376237623762376, 0.3, 0.24752475247524752, 0.48, 0.38, 0.24752475247524752, 0.26732673267326734, 0.31683168316831684, 0.18811881188118812, 0.26, 0.27, 0.31683168316831684, 0.22, 0.25742574257425743, 0.17, 0.27, 0.16831683168316833, 0.2, 0.192, 0.332, 0.5831663326653307, 0.428, 0.20040080160320642, 0.456, 0.3246492985971944, 0.32665330661322645, 0.472, 0.382, 0.288, 0.194, 0.3587174348697395, 0.23847695390781562, 0.2565130260521042, 0.24649298597194388, 0.264, 0.194, 0.178, 0.196, 0.5, 0.2631578947368421, 0.3, 0.4, 0.35, 0.2, 0.3157894736842105, 0.45, 0.21052631578947367, 0.3, 0.3, 0.3, 0.21052631578947367, 0.25, 0.2, 0.21052631578947367, 0.2631578947368421, 0.3157894736842105, 0.3, 0.3, 0.22772277227722773, 0.29, 0.37623762376237624, 0.48, 0.33663366336633666, 0.21, 0.29, 0.25, 0.43, 0.25, 0.17, 0.18, 0.25742574257425743, 0.19, 0.37, 0.2871287128712871, 0.23, 0.2, 0.27, 0.34, 0.182, 0.576, 0.51, 0.246, 0.226, 0.442, 0.3466933867735471, 0.266, 0.39, 0.346, 0.276, 0.182, 0.27, 0.186, 0.3527054108216433, 0.21, 0.182, 0.302, 0.234, 0.224, 0.2, 0.3, 0.25, 0.35, 0.3, 0.35, 0.3684210526315789, 0.15, 0.3684210526315789, 0.3684210526315789, 0.2, 0.3157894736842105, 0.2631578947368421, 0.4, 0.15, 0.3, 0.21052631578947367, 0.2631578947368421, 0.25, 0.15789473684210525, 0.16, 0.36, 0.22772277227722773, 0.26732673267326734, 0.3, 0.3069306930693069, 0.25, 0.22, 0.22772277227722773, 0.19, 0.297029702970297, 0.27722772277227725, 0.18, 0.19, 0.33, 0.21, 0.34, 0.26732673267326734, 0.27722772277227725, 0.297029702970297, 0.278, 0.426, 0.5691382765531062, 0.23647294589178355, 0.248, 0.646, 0.35070140280561124, 0.198, 0.3927855711422846, 0.334, 0.18, 0.232, 0.3066132264529058, 0.2605210420841683, 0.2905811623246493, 0.3026052104208417, 0.202, 0.18637274549098196, 0.2725450901803607, 0.194, 0.20841683366733466, 0.2631578947368421, 0.3684210526315789, 0.21052631578947367, 0.3157894736842105, 0.3, 0.4, 0.35, 0.3157894736842105, 0.3157894736842105, 0.35, 0.15, 0.25, 0.3157894736842105, 0.3684210526315789, 0.2, 0.25, 0.3, 0.2631578947368421, 0.45, 0.2, 0.4158415841584158, 0.297029702970297, 0.36633663366336633, 0.34, 0.3069306930693069, 0.37, 0.19, 0.22772277227722773, 0.35, 0.32, 0.16831683168316833, 0.24, 0.2, 0.25742574257425743, 0.28, 0.16, 0.2079207920792079, 0.15841584158415842, 0.21, 0.2871287128712871, 0.2, 0.25250501002004005, 0.622, 0.21042084168336672, 0.266, 0.432, 0.172, 0.218, 0.44, 0.2124248496993988, 0.2565130260521042, 0.26452905811623245, 0.35, 0.20841683366733466, 0.3867735470941884, 0.208, 0.1402805611222445, 0.1963927855711423, 0.248, 0.2565130260521042, 0.4, 0.25, 0.15, 0.35, 0.3, 0.15, 0.3, 0.35, 0.2631578947368421, 0.3, 0.5, 0.35, 0.3, 0.3, 0.3, 0.21052631578947367, 0.4, 0.21052631578947367, 0.3157894736842105, 0.2, 0.21782178217821782, 0.34, 0.21782178217821782, 0.32673267326732675, 0.42574257425742573, 0.26732673267326734, 0.39, 0.24, 0.24752475247524752, 0.21, 0.18, 0.21, 0.24, 0.24, 0.44, 0.16831683168316833, 0.22, 0.21, 0.1485148514851485, 0.16, 0.214, 0.39478957915831664, 0.524, 0.382, 0.198, 0.46, 0.1963927855711423, 0.3026052104208417, 0.38877755511022044, 0.3787575150300601, 0.272, 0.182, 0.302, 0.18036072144288579, 0.324, 0.2565130260521042, 0.17835671342685372, 0.204, 0.24048096192384769, 0.242, 0.4, 0.3684210526315789, 0.3157894736842105, 0.2, 0.35, 0.3, 0.2631578947368421, 0.21052631578947367, 0.25, 0.2, 0.35, 0.2631578947368421, 0.35, 0.21052631578947367, 0.15, 0.2, 0.25, 0.3157894736842105, 0.2, 0.25, 0.19801980198019803, 0.25742574257425743, 0.21, 0.34, 0.27722772277227725, 0.33663366336633666, 0.3465346534653465, 0.297029702970297, 0.49504950495049505, 0.27, 0.15841584158415842, 0.37, 0.18, 0.29, 0.3465346534653465, 0.1782178217821782, 0.22772277227722773, 0.26, 0.22772277227722773, 0.17, 0.182, 0.322, 0.528, 0.328, 0.356, 0.3867735470941884, 0.24048096192384769, 0.36, 0.2685370741482966, 0.318, 0.298, 0.18837675350701402, 0.19, 0.256, 0.2565130260521042, 0.192, 0.19839679358717435, 0.18036072144288579, 0.198, 0.20641282565130262, 0.3, 0.35, 0.25, 0.15, 0.4, 0.3, 0.15, 0.4, 0.21052631578947367, 0.15, 0.35, 0.3157894736842105, 0.15, 0.2, 0.2, 0.10526315789473684, 0.3157894736842105, 0.25, 0.2631578947368421, 0.3, 0.26732673267326734, 0.32673267326732675, 0.21782178217821782, 0.31683168316831684, 0.3069306930693069, 0.3, 0.29, 0.22, 0.49504950495049505, 0.3, 0.2, 0.36, 0.15841584158415842, 0.22, 0.5148514851485149, 0.28, 0.21, 0.23, 0.26, 0.21, 0.386, 0.2685370741482966, 0.4, 0.236, 0.27054108216432865, 0.75, 0.412, 0.242, 0.5090180360721442, 0.3527054108216433, 0.16032064128256512, 0.17234468937875752, 0.34, 0.20841683366733466, 0.26452905811623245, 0.24448897795591182, 0.17635270541082165, 0.216, 0.3406813627254509, 0.23847695390781562]
Across score percent breakdown = [0.2631578947368421, 0.3, 0.2, 0.25, 0.42105263157894735, 0.2631578947368421, 0.2, 0.25, 0.2631578947368421, 0.2, 0.39603960396039606, 0.56, 0.297029702970297, 0.5445544554455446, 0.36633663366336633, 0.28, 0.39603960396039606, 0.27, 0.39603960396039606, 0.36, 0.4088176352705411, 0.458, 0.428, 0.314, 0.362, 0.41, 0.44, 0.2665330661322645, 0.39, 0.37074148296593185, 0.25, 0.2, 0.35, 0.45, 0.3, 0.3157894736842105, 0.2, 0.3, 0.15789473684210525, 0.3157894736842105, 0.37, 0.33663366336633666, 0.3564356435643564, 0.32, 0.36633663366336633, 0.31, 0.4, 0.29, 0.33663366336633666, 0.27, 0.474, 0.336, 0.554, 0.35671342685370744, 0.4308617234468938, 0.312625250501002, 0.38276553106212424, 0.3587174348697395, 0.3166332665330661, 0.2865731462925852, 0.3, 0.25, 0.25, 0.4, 0.3, 0.2, 0.42105263157894735, 0.35, 0.2631578947368421, 0.2631578947368421, 0.42, 0.26732673267326734, 0.42574257425742573, 0.36633663366336633, 0.46534653465346537, 0.39, 0.297029702970297, 0.29, 0.29, 0.2376237623762376, 0.48296593186372744, 0.384, 0.428, 0.3847695390781563, 0.37074148296593185, 0.384, 0.532, 0.424, 0.3226452905811623, 0.302, 0.35, 0.35, 0.4, 0.25, 0.4, 0.21052631578947367, 0.25, 0.21052631578947367, 0.2631578947368421, 0.25, 0.49, 0.3564356435643564, 0.40594059405940597, 0.3564356435643564, 0.3465346534653465, 0.32, 0.37623762376237624, 0.26, 0.28, 0.22, 0.476, 0.368, 0.492, 0.46292585170340683, 0.398, 0.24048096192384769, 0.398, 0.294, 0.252, 0.24248496993987975, 0.3157894736842105, 0.55, 0.2631578947368421, 0.4, 0.2631578947368421, 0.25, 0.3, 0.2, 0.25, 0.25, 0.3069306930693069, 0.35, 0.2376237623762376, 0.41, 0.43564356435643564, 0.38, 0.37623762376237624, 0.33663366336633666, 0.48, 0.297029702970297, 0.4789579158316633, 0.488, 0.378, 0.3486973947895792, 0.346, 0.3226452905811623, 0.3847695390781563, 0.384, 0.2745490981963928, 0.27054108216432865, 0.47368421052631576, 0.15, 0.2631578947368421, 0.15, 0.21052631578947367, 0.21052631578947367, 0.3157894736842105, 0.2631578947368421, 0.35, 0.2631578947368421, 0.48, 0.4752475247524752, 0.3069306930693069, 0.52, 0.51, 0.27, 0.31, 0.21, 0.48, 0.2376237623762376, 0.4729458917835671, 0.5, 0.346, 0.4248496993987976, 0.4248496993987976, 0.3026052104208417, 0.3727454909819639, 0.31462925851703405, 0.2625250501002004, 0.250501002004008, 0.2631578947368421, 0.3, 0.3, 0.3, 0.42105263157894735, 0.2631578947368421, 0.35, 0.3, 0.35, 0.2631578947368421, 0.51, 0.43564356435643564, 0.4158415841584158, 0.42, 0.41, 0.35, 0.594059405940594, 0.22772277227722773, 0.2871287128712871, 0.28, 0.4168336673346693, 0.502, 0.556, 0.536, 0.4148296593186373, 0.28857715430861725, 0.52, 0.2905811623246493, 0.25250501002004005, 0.296, 0.4, 0.45, 0.3, 0.3684210526315789, 0.47368421052631576, 0.21052631578947367, 0.25, 0.15789473684210525, 0.42105263157894735, 0.2631578947368421, 0.36633663366336633, 0.3564356435643564, 0.49504950495049505, 0.45544554455445546, 0.5148514851485149, 0.28, 0.37, 0.4158415841584158, 0.28, 0.28, 0.23446893787575152, 0.496, 0.492, 0.5350701402805611, 0.3927855711422846, 0.3807615230460922, 0.354, 0.322, 0.342685370741483, 0.28256513026052105, 0.2, 0.25, 0.35, 0.3684210526315789, 0.3, 0.25, 0.3684210526315789, 0.3684210526315789, 0.3157894736842105, 0.21052631578947367, 0.38, 0.36633663366336633, 0.5643564356435643, 0.46534653465346537, 0.42, 0.3465346534653465, 0.42, 0.24752475247524752, 0.34, 0.2376237623762376, 0.4849699398797595, 0.49899799599198397, 0.416, 0.322, 0.4148296593186373, 0.3026052104208417, 0.296, 0.2545090180360721, 0.3286573146292585, 0.354, 0.2631578947368421, 0.3, 0.3, 0.25, 0.2631578947368421, 0.35, 0.42105263157894735, 0.15, 0.15789473684210525, 0.3157894736842105, 0.44554455445544555, 0.46534653465346537, 0.42574257425742573, 0.36633663366336633, 0.3465346534653465, 0.3, 0.45544554455445546, 0.3, 0.35, 0.2079207920792079, 0.364, 0.502, 0.402, 0.288, 0.4088176352705411, 0.308, 0.376, 0.294, 0.2965931863727455, 0.2865731462925852, 0.30060120240480964, 0.2631578947368421, 0.3, 0.3, 0.15789473684210525, 0.2631578947368421, 0.21052631578947367, 0.3684210526315789, 0.15789473684210525, 0.3157894736842105, 0.25, 0.47, 0.39, 0.36, 0.38, 0.39603960396039606, 0.33, 0.26732673267326734, 0.38, 0.41, 0.33663366336633666, 0.518, 0.382, 0.442, 0.342685370741483, 0.44889779559118237, 0.2685370741482966, 0.398, 0.37, 0.378, 0.3366733466933868, 0.5263157894736842, 0.3, 0.21052631578947367, 0.25, 0.25, 0.2631578947368421, 0.25, 0.2631578947368421, 0.3157894736842105, 0.3, 0.39603960396039606, 0.31683168316831684, 0.38613861386138615, 0.48, 0.39, 0.28, 0.3564356435643564, 0.24, 0.4158415841584158, 0.26, 0.344, 0.492, 0.4248496993987976, 0.42685370741482964, 0.456, 0.432, 0.356, 0.2985971943887776, 0.35070140280561124, 0.322, 0.45, 0.3, 0.2, 0.25, 0.2631578947368421, 0.2631578947368421, 0.25, 0.2631578947368421, 0.2631578947368421, 0.2631578947368421, 0.45544554455445546, 0.42, 0.5247524752475248, 0.42, 0.45, 0.39, 0.45544554455445546, 0.27, 0.39, 0.297029702970297, 0.4969939879759519, 0.484, 0.424, 0.346, 0.386, 0.2745490981963928, 0.38, 0.3406813627254509, 0.298, 0.32064128256513025, 0.2631578947368421, 0.21052631578947367, 0.3, 0.2, 0.2, 0.2631578947368421, 0.25, 0.21052631578947367, 0.3, 0.2, 0.35, 0.31683168316831684, 0.3564356435643564, 0.45, 0.47, 0.4, 0.39, 0.3069306930693069, 0.32673267326732675, 0.25, 0.43887775551102204, 0.362, 0.4709418837675351, 0.43, 0.322, 0.3106212424849699, 0.376, 0.342685370741483, 0.298, 0.236]
