Total side score = 1743
Average side score = 2.95925297114
Side score breakdown = [4, 2, 2, 3, 4, 4, 3, 2, 3, 3, 1, 3, 1, 1, 2, 3, 3, 4, 4, 2, 4, 4, 3, 1, 3, 4, 3, 2, 4, 4, 4, 3, 4, 4, 4, 4, 3, 3, 4, 4, 2, 2, 2, 4, 1, 4, 4, 2, 3, 2, 3, 1, 2, 4, 4, 4, 4, 4, 4, 3, 4, 4, 4, 3, 3, 2, 2, 1, 2, 1, 4, 4, 3, 4, 4, 4, 4, 1, 4, 3, 1, 4, 2, 2, 3, 3, 2, 3, 4, 3, 2, 2, 4, 2, 2, 4, 3, 4, 2, 4, 4, 4, 4, 4, 4, 4, 4, 3, 4, 4, 1, 4, 4, 4, 4, 4, 4, 4, 4, 4, 4, 1, 3, 1, 4, 3, 4, 4, 3, 3, 2, 4, 4, 3, 3, 3, 2, 1, 1, 2, 2, 4, 4, 3, 4, 4, 2, 3, 2, 1, 4, 2, 1, 2, 4, 4, 4, 4, 4, 4, 4, 1, 3, 2, 2, 2, 2, 3, 3, 3, 1, 2, 2, 3, 1, 4, 2, 1, 2, 4, 3, 4, 4, 2, 4, 2, 4, 2, 3, 3, 4, 1, 1, 4, 3, 3, 4, 4, 4, 3, 4, 4, 4, 1, 4, 2, 2, 4, 1, 2, 3, 3, 3, 4, 4, 3, 4, 2, 3, 1, 3, 2, 2, 3, 4, 3, 4, 4, 3, 1, 4, 2, 2, 4, 3, 1, 2, 3, 4, 4, 4, 4, 4, 4, 4, 1, 4, 3, 2, 1, 1, 4, 2, 4, 3, 3, 2, 3, 3, 4, 3, 2, 3, 1, 2, 4, 4, 4, 4, 4, 4, 2, 4, 3, 3, 1, 3, 2, 1, 1, 4, 4, 3, 2, 4, 4, 4, 2, 4, 4, 2, 1, 4, 3, 4, 4, 4, 3, 4, 4, 2, 3, 2, 2, 2, 4, 2, 3, 4, 4, 4, 2, 3, 1, 4, 2, 4, 2, 4, 2, 3, 2, 4, 4, 4, 4, 3, 4, 3, 1, 4, 3, 2, 3, 3, 2, 3, 4, 3, 3, 4, 2, 4, 1, 4, 2, 2, 4, 2, 3, 4, 4, 4, 4, 1, 4, 4, 3, 2, 2, 4, 2, 4, 1, 4, 4, 4, 4, 4, 4, 4, 1, 3, 3, 1, 2, 1, 4, 2, 4, 2, 2, 4, 2, 4, 4, 1, 3, 3, 4, 2, 1, 4, 4, 4, 3, 4, 4, 3, 4, 3, 3, 4, 1, 2, 3, 4, 4, 4, 4, 4, 4, 4, 1, 3, 1, 2, 1, 4, 4, 2, 2, 3, 1, 2, 3, 2, 4, 3, 1, 2, 1, 3, 3, 3, 4, 4, 4, 2, 4, 3, 4, 2, 4, 4, 1, 4, 3, 1, 4, 4, 4, 4, 4, 4, 4, 1, 4, 4, 2, 4, 1, 2, 4, 2, 4, 3, 4, 2, 2, 2, 3, 2, 2, 1, 2, 2, 2, 4, 4, 2, 4, 4, 3, 1, 3, 3, 3, 3, 3, 1, 4, 4, 4, 4, 3, 4, 4, 1, 4, 3, 3, 1, 1, 1, 3, 2, 4, 2, 3, 3, 3, 2, 3, 2, 1, 3, 1, 2, 4, 4, 4, 2, 4, 4, 4, 1, 3, 1, 2, 2, 3, 2, 4, 4, 4, 4, 3, 4, 4, 1, 4, 3, 2, 1, 4, 4, 4, 3, 4, 2, 3, 3, 4, 1, 3, 1, 2, 1, 3, 2, 3, 4, 4, 4, 3, 2, 4, 2, 3, 4, 3, 2, 2, 4, 4, 4, 4, 4, 3, 4, 4, 1, 4, 2, 2, 1, 2, 3]

Total across score = 2015
Average across score = 3.00746268657
Across score breakdown = [3, 3, 4, 3, 3, 2, 1, 4, 4, 2, 2, 2, 4, 2, 2, 4, 4, 2, 4, 1, 4, 4, 4, 4, 3, 4, 4, 2, 4, 1, 3, 2, 4, 4, 4, 4, 4, 4, 4, 4, 3, 2, 3, 2, 1, 4, 4, 2, 4, 3, 4, 3, 4, 3, 4, 3, 3, 2, 4, 3, 3, 2, 4, 1, 4, 3, 4, 4, 4, 3, 4, 4, 2, 2, 4, 1, 4, 4, 3, 2, 4, 4, 4, 4, 4, 2, 4, 4, 3, 4, 1, 1, 4, 4, 4, 3, 4, 2, 4, 3, 2, 2, 4, 2, 3, 2, 2, 2, 3, 4, 4, 3, 4, 3, 3, 3, 3, 4, 4, 4, 2, 3, 3, 1, 4, 2, 3, 2, 4, 4, 4, 4, 4, 4, 4, 4, 3, 4, 1, 1, 2, 1, 3, 1, 4, 4, 4, 2, 4, 4, 3, 3, 3, 4, 4, 1, 2, 2, 4, 2, 4, 3, 4, 1, 4, 3, 4, 4, 3, 2, 1, 3, 3, 1, 4, 4, 4, 4, 4, 4, 3, 4, 4, 4, 2, 3, 1, 4, 1, 1, 4, 1, 1, 4, 3, 4, 1, 3, 4, 1, 3, 3, 2, 2, 2, 2, 2, 2, 4, 2, 3, 3, 4, 4, 3, 4, 4, 2, 3, 2, 4, 2, 2, 3, 4, 3, 4, 4, 4, 4, 4, 4, 2, 3, 1, 4, 2, 4, 2, 1, 4, 4, 4, 3, 3, 4, 4, 1, 3, 3, 4, 3, 2, 3, 3, 2, 3, 2, 4, 1, 4, 3, 4, 1, 3, 3, 1, 1, 3, 1, 4, 1, 4, 4, 2, 4, 3, 4, 4, 3, 3, 4, 2, 4, 2, 4, 2, 3, 2, 2, 2, 3, 3, 3, 4, 3, 3, 3, 3, 1, 2, 2, 2, 3, 4, 4, 4, 2, 4, 1, 4, 1, 2, 2, 1, 3, 4, 3, 3, 1, 4, 4, 4, 4, 3, 4, 4, 4, 2, 4, 3, 1, 3, 3, 3, 1, 4, 3, 3, 3, 4, 3, 1, 4, 1, 2, 2, 1, 2, 2, 3, 4, 4, 4, 4, 2, 4, 4, 4, 4, 2, 3, 3, 2, 4, 3, 3, 1, 3, 2, 3, 4, 4, 4, 4, 4, 2, 3, 1, 4, 3, 3, 2, 1, 4, 2, 3, 3, 4, 2, 4, 2, 2, 4, 4, 2, 3, 2, 4, 3, 4, 2, 2, 4, 3, 2, 4, 4, 2, 2, 1, 3, 4, 4, 3, 4, 4, 4, 4, 4, 2, 4, 2, 4, 4, 2, 1, 3, 3, 1, 2, 2, 4, 4, 4, 3, 2, 4, 4, 4, 3, 3, 4, 3, 2, 3, 3, 3, 4, 3, 4, 2, 4, 4, 4, 2, 2, 3, 3, 1, 4, 2, 4, 3, 3, 3, 4, 4, 4, 4, 4, 4, 2, 3, 2, 3, 2, 3, 4, 1, 3, 3, 4, 4, 4, 4, 4, 3, 3, 4, 3, 2, 3, 4, 4, 4, 4, 4, 4, 4, 4, 4, 3, 3, 2, 1, 4, 1, 2, 2, 3, 4, 3, 4, 4, 4, 4, 4, 2, 4, 3, 4, 1, 1, 2, 3, 3, 2, 3, 1, 3, 1, 4, 3, 4, 2, 4, 3, 4, 2, 2, 4, 4, 4, 4, 2, 4, 4, 4, 3, 4, 3, 1, 3, 4, 1, 3, 1, 4, 4, 4, 4, 3, 4, 4, 4, 2, 4, 1, 4, 4, 3, 3, 3, 4, 2, 4, 4, 4, 4, 2, 3, 3, 2, 4, 3, 2, 2, 2, 2, 3, 4, 2, 2, 4, 3, 4, 4, 3, 2, 4, 1, 2, 1, 3, 2, 4, 4, 3, 4, 2, 4, 4, 2, 2, 3, 1, 1, 3, 1, 4, 1, 4, 3, 4, 3, 2, 4, 4, 2, 3, 2, 4, 1, 1, 1, 3, 3, 2, 3, 4, 2, 4, 4, 4, 4, 3, 2, 4, 1, 3, 3, 2, 3, 4, 4, 2, 4, 3, 4, 4, 4, 4, 2, 1, 4, 3, 3, 2, 4]

Side score avg percent = 0.306318059753
Across score avg percent = 0.316125918623
Side score percent breakdown = [0.3684210526315789, 0.2, 0.21052631578947367, 0.25, 0.5263157894736842, 0.3157894736842105, 0.2631578947368421, 0.15789473684210525, 0.25, 0.25, 0.10526315789473684, 0.25, 0.15789473684210525, 0.10526315789473684, 0.25, 0.297029702970297, 0.32, 0.25742574257425743, 0.38, 0.22, 0.39603960396039606, 0.28, 0.27, 0.2, 0.3, 0.48514851485148514, 0.3, 0.25742574257425743, 0.41082164328657317, 0.428, 0.6773547094188377, 0.2565130260521042, 0.37675350701402804, 0.5791583166332666, 0.4909819639278557, 0.3527054108216433, 0.2665330661322645, 0.27054108216432865, 0.35671342685370744, 0.314, 0.24649298597194388, 0.22645290581162325, 0.21052631578947367, 0.35, 0.15789473684210525, 0.42105263157894735, 0.35, 0.15789473684210525, 0.2631578947368421, 0.15789473684210525, 0.3, 0.2, 0.21052631578947367, 0.3157894736842105, 0.3157894736842105, 0.3684210526315789, 0.42, 0.3564356435643564, 0.39, 0.24, 0.43, 0.29, 0.28, 0.25, 0.29, 0.22, 0.22, 0.21, 0.22, 0.2079207920792079, 0.5350701402805611, 0.554, 0.25250501002004005, 0.6332665330661322, 0.3807615230460922, 0.5210420841683366, 0.503006012024048, 0.18837675350701402, 0.3587174348697395, 0.28256513026052105, 0.1843687374749499, 0.368, 0.224, 0.24248496993987975, 0.21052631578947367, 0.25, 0.21052631578947367, 0.2631578947368421, 0.42105263157894735, 0.2, 0.2, 0.21052631578947367, 0.35, 0.2, 0.15789473684210525, 0.3157894736842105, 0.25, 0.3157894736842105, 0.24, 0.42574257425742573, 0.36, 0.45544554455445546, 0.37, 0.29, 0.44, 0.27, 0.29, 0.23, 0.41, 0.27, 0.21, 0.36633663366336633, 0.625250501002004, 0.428, 0.402, 0.7575150300601202, 0.46693386773547096, 0.49298597194388777, 0.5651302605210421, 0.2905811623246493, 0.424, 0.19438877755511022, 0.2545090180360721, 0.20440881763527055, 0.30861723446893785, 0.250501002004008, 0.3157894736842105, 0.4, 0.2631578947368421, 0.2631578947368421, 0.15, 0.4, 0.3684210526315789, 0.3, 0.21052631578947367, 0.3, 0.2631578947368421, 0.1, 0.15789473684210525, 0.21052631578947367, 0.24, 0.40594059405940597, 0.52, 0.28, 0.48, 0.31, 0.26, 0.24, 0.26, 0.19, 0.28, 0.22772277227722773, 0.18, 0.24, 0.593186372745491, 0.492, 0.44889779559118237, 0.6312625250501002, 0.46893787575150303, 0.3967935871743487, 0.48697394789579157, 0.18036072144288579, 0.294, 0.22244488977955912, 0.21442885771543085, 0.24649298597194388, 0.25851703406813625, 0.25851703406813625, 0.3, 0.2631578947368421, 0.2, 0.21052631578947367, 0.2, 0.3, 0.2, 0.3, 0.2, 0.10526315789473684, 0.15789473684210525, 0.3684210526315789, 0.2631578947368421, 0.3157894736842105, 0.35, 0.2376237623762376, 0.47, 0.24, 0.36, 0.25, 0.29, 0.27, 0.33663366336633666, 0.17, 0.15841584158415842, 0.3069306930693069, 0.26, 0.28, 0.552, 0.378, 0.4969939879759519, 0.31462925851703405, 0.3807615230460922, 0.503006012024048, 0.4, 0.18, 0.384, 0.24, 0.21042084168336672, 0.3286573146292585, 0.20040080160320642, 0.242, 0.2631578947368421, 0.2631578947368421, 0.3157894736842105, 0.3684210526315789, 0.42105263157894735, 0.2631578947368421, 0.3684210526315789, 0.2, 0.2631578947368421, 0.15789473684210525, 0.2631578947368421, 0.21052631578947367, 0.15, 0.25, 0.5, 0.3069306930693069, 0.44, 0.36, 0.31, 0.2, 0.6, 0.26, 0.21, 0.28, 0.23, 0.19801980198019803, 0.23, 0.2871287128712871, 0.655310621242485, 0.346, 0.4188376753507014, 0.5170340681362725, 0.5571142284569138, 0.432, 0.4849699398797595, 0.1843687374749499, 0.31462925851703405, 0.264, 0.24048096192384769, 0.18236472945891782, 0.21042084168336672, 0.4348697394789579, 0.15789473684210525, 0.3, 0.3157894736842105, 0.2631578947368421, 0.2, 0.3157894736842105, 0.2631578947368421, 0.3684210526315789, 0.3, 0.15789473684210525, 0.2631578947368421, 0.15, 0.21052631578947367, 0.2631578947368421, 0.43, 0.4158415841584158, 0.48, 0.3, 0.44, 0.23, 0.31, 0.27722772277227725, 0.22772277227722773, 0.15, 0.29, 0.24, 0.18811881188118812, 0.16831683168316833, 0.542, 0.556, 0.30060120240480964, 0.23, 0.37074148296593185, 0.5270541082164328, 0.45090180360721444, 0.262, 0.2905811623246493, 0.40681362725450904, 0.22444889779559118, 0.20641282565130262, 0.264, 0.26452905811623245, 0.4, 0.3, 0.3684210526315789, 0.3157894736842105, 0.42105263157894735, 0.3684210526315789, 0.15789473684210525, 0.2631578947368421, 0.15789473684210525, 0.21052631578947367, 0.15, 0.2631578947368421, 0.21052631578947367, 0.21052631578947367, 0.44554455445544555, 0.49504950495049505, 0.45544554455445546, 0.21782178217821782, 0.297029702970297, 0.19801980198019803, 0.27722772277227725, 0.21, 0.4158415841584158, 0.23, 0.34, 0.21782178217821782, 0.25742574257425743, 0.23, 0.5410821643286573, 0.492, 0.504, 0.426, 0.324, 0.43887775551102204, 0.33867735470941884, 0.188, 0.322, 0.250501002004008, 0.20440881763527055, 0.252, 0.2625250501002004, 0.248, 0.3157894736842105, 0.35, 0.2631578947368421, 0.3157894736842105, 0.3, 0.25, 0.42105263157894735, 0.10526315789473684, 0.3684210526315789, 0.21052631578947367, 0.21052631578947367, 0.35, 0.21052631578947367, 0.2631578947368421, 0.5, 0.5643564356435643, 0.36, 0.35, 0.19, 0.3564356435643564, 0.31, 0.26, 0.24752475247524752, 0.23, 0.35, 0.2376237623762376, 0.37623762376237624, 0.21, 0.5110220440881763, 0.416, 0.416, 0.5731462925851704, 0.508, 0.5571142284569138, 0.5951903807615231, 0.17835671342685372, 0.2545090180360721, 0.312625250501002, 0.16432865731462926, 0.18036072144288579, 0.19839679358717435, 0.3066132264529058, 0.2631578947368421, 0.3, 0.21052631578947367, 0.21052631578947367, 0.5, 0.21052631578947367, 0.3157894736842105, 0.3157894736842105, 0.15, 0.2631578947368421, 0.25, 0.42105263157894735, 0.21052631578947367, 0.10526315789473684, 0.3564356435643564, 0.42574257425742573, 0.4752475247524752, 0.27, 0.43, 0.39, 0.2871287128712871, 0.29, 0.3, 0.24, 0.29, 0.18, 0.22, 0.2871287128712871, 0.526, 0.402, 0.322, 0.3406813627254509, 0.4468937875751503, 0.5230460921843687, 0.38276553106212424, 0.17635270541082165, 0.294, 0.196, 0.23847695390781562, 0.18236472945891782, 0.406, 0.30060120240480964, 0.24248496993987975, 0.15789473684210525, 0.3, 0.10526315789473684, 0.2, 0.2631578947368421, 0.21052631578947367, 0.3684210526315789, 0.3157894736842105, 0.15789473684210525, 0.15789473684210525, 0.15789473684210525, 0.25, 0.21052631578947367, 0.2631578947368421, 0.44, 0.36, 0.42, 0.26, 0.34, 0.25, 0.2871287128712871, 0.24, 0.38, 0.36, 0.17, 0.29, 0.32, 0.18, 0.542, 0.442, 0.501002004008016, 0.342685370741483, 0.34468937875751504, 0.533066132264529, 0.412, 0.192, 0.37, 0.48096192384769537, 0.234, 0.264, 0.20641282565130262, 0.232, 0.42105263157894735, 0.21052631578947367, 0.3684210526315789, 0.2631578947368421, 0.2631578947368421, 0.15789473684210525, 0.25, 0.15789473684210525, 0.2631578947368421, 0.21052631578947367, 0.21052631578947367, 0.21052631578947367, 0.21052631578947367, 0.21052631578947367, 0.22, 0.38613861386138615, 0.36, 0.22, 0.37, 0.3, 0.27, 0.16, 0.24, 0.24, 0.27, 0.25, 0.25, 0.2, 0.4729458917835671, 0.4248496993987976, 0.486, 0.5891783567134269, 0.382, 0.726, 0.46292585170340683, 0.2124248496993988, 0.2985971943887776, 0.282, 0.27655310621242485, 0.1963927855711423, 0.20240480961923848, 0.22645290581162325, 0.25, 0.2, 0.3684210526315789, 0.21052631578947367, 0.2631578947368421, 0.3157894736842105, 0.2631578947368421, 0.21052631578947367, 0.2631578947368421, 0.25, 0.10526315789473684, 0.25, 0.10526315789473684, 0.2, 0.36633663366336633, 0.5247524752475248, 0.4158415841584158, 0.22, 0.32, 0.42, 0.28, 0.15, 0.27, 0.18, 0.21, 0.24, 0.2376237623762376, 0.25, 0.6533066132264529, 0.424, 0.5130260521042084, 0.5370741482965932, 0.34468937875751504, 0.5210420841683366, 0.35070140280561124, 0.17034068136272545, 0.3406813627254509, 0.25250501002004005, 0.22845691382765532, 0.20040080160320642, 0.33867735470941884, 0.31462925851703405, 0.3684210526315789, 0.3, 0.2631578947368421, 0.15789473684210525, 0.25, 0.2631578947368421, 0.3684210526315789, 0.15789473684210525, 0.21052631578947367, 0.21052631578947367, 0.10526315789473684, 0.15, 0.2631578947368421, 0.21052631578947367, 0.3, 0.3564356435643564, 0.4, 0.55, 0.27722772277227725, 0.19, 0.35, 0.27, 0.3069306930693069, 0.31, 0.28, 0.22, 0.25, 0.2871287128712871, 0.6392785571142284, 0.4709418837675351, 0.452, 0.44488977955911824, 0.3406813627254509, 0.49899799599198397, 0.37074148296593185, 0.15030060120240482, 0.342685370741483, 0.20841683366733466, 0.224, 0.1743486973947896, 0.20040080160320642, 0.256]
Across score percent breakdown = [0.2631578947368421, 0.2631578947368421, 0.5263157894736842, 0.3157894736842105, 0.3, 0.25, 0.10526315789473684, 0.2631578947368421, 0.35, 0.21052631578947367, 0.21052631578947367, 0.2, 0.3157894736842105, 0.15789473684210525, 0.2, 0.3, 0.34, 0.26, 0.38, 0.2, 0.33, 0.39, 0.4158415841584158, 0.28, 0.25, 0.31683168316831684, 0.29, 0.21782178217821782, 0.44, 0.18, 0.25, 0.19801980198019803, 0.46092184368737477, 0.558, 0.593186372745491, 0.638, 0.3927855711422846, 0.542, 0.38877755511022044, 0.4849699398797595, 0.328, 0.2625250501002004, 0.2725450901803607, 0.244, 0.216, 0.338, 0.282, 0.24448897795591182, 0.4, 0.2631578947368421, 0.4, 0.35, 0.3, 0.25, 0.3, 0.2631578947368421, 0.2631578947368421, 0.15789473684210525, 0.3684210526315789, 0.21052631578947367, 0.35, 0.2, 0.42105263157894735, 0.15789473684210525, 0.37, 0.38613861386138615, 0.49504950495049505, 0.31, 0.59, 0.297029702970297, 0.4, 0.39, 0.25, 0.26, 0.38, 0.19, 0.31, 0.31, 0.23, 0.21782178217821782, 0.6352705410821643, 0.526, 0.386, 0.6, 0.4849699398797595, 0.192, 0.342, 0.4228456913827655, 0.2905811623246493, 0.374749498997996, 0.17835671342685372, 0.1903807615230461, 0.35470941883767537, 0.31462925851703405, 0.4168336673346693, 0.29458917835671344, 0.42105263157894735, 0.25, 0.3, 0.3157894736842105, 0.2, 0.21052631578947367, 0.42105263157894735, 0.2, 0.25, 0.21052631578947367, 0.21052631578947367, 0.2, 0.2631578947368421, 0.35, 0.3157894736842105, 0.3157894736842105, 0.5, 0.33, 0.297029702970297, 0.26732673267326734, 0.33663366336633666, 0.3465346534653465, 0.32, 0.33, 0.25, 0.25, 0.2376237623762376, 0.16831683168316833, 0.46, 0.16, 0.2871287128712871, 0.24, 0.561122244488978, 0.45691382765531063, 0.5711422845691383, 0.5971943887775552, 0.478, 0.6032064128256514, 0.44889779559118237, 0.5090180360721442, 0.25250501002004005, 0.328, 0.1963927855711423, 0.1963927855711423, 0.24248496993987975, 0.198, 0.2865731462925852, 0.15831663326653306, 0.3157894736842105, 0.45, 0.4, 0.21052631578947367, 0.3157894736842105, 0.3157894736842105, 0.35, 0.21052631578947367, 0.3, 0.3157894736842105, 0.3684210526315789, 0.15, 0.15789473684210525, 0.15789473684210525, 0.3684210526315789, 0.21052631578947367, 0.58, 0.39, 0.39, 0.2, 0.54, 0.2376237623762376, 0.42, 0.45, 0.29, 0.21, 0.2, 0.24752475247524752, 0.27, 0.19801980198019803, 0.32673267326732675, 0.297029702970297, 0.5210420841683366, 0.6733466933867736, 0.45, 0.364, 0.35, 0.5250501002004008, 0.40080160320641284, 0.438, 0.24649298597194388, 0.24649298597194388, 0.1843687374749499, 0.29458917835671344, 0.20440881763527055, 0.196, 0.312625250501002, 0.22444889779559118, 0.21052631578947367, 0.3684210526315789, 0.3, 0.2631578947368421, 0.15, 0.2, 0.3684210526315789, 0.10526315789473684, 0.25, 0.3684210526315789, 0.21052631578947367, 0.21052631578947367, 0.21052631578947367, 0.2, 0.21052631578947367, 0.2, 0.43564356435643564, 0.25, 0.27, 0.22772277227722773, 0.71, 0.4, 0.27722772277227725, 0.39, 0.37, 0.24, 0.25, 0.18811881188118812, 0.31, 0.2, 0.19, 0.24752475247524752, 0.492, 0.31, 0.5671342685370742, 0.6052104208416834, 0.512, 0.74, 0.44889779559118237, 0.4028056112224449, 0.3286573146292585, 0.2625250501002004, 0.198, 0.316, 0.25250501002004005, 0.36072144288577157, 0.24649298597194388, 0.184, 0.42105263157894735, 0.3, 0.35, 0.2631578947368421, 0.3, 0.35, 0.47368421052631576, 0.15789473684210525, 0.2631578947368421, 0.2631578947368421, 0.3684210526315789, 0.2, 0.2631578947368421, 0.3, 0.2631578947368421, 0.15, 0.31, 0.24, 0.5346534653465347, 0.17, 0.71, 0.3, 0.45544554455445546, 0.13861386138613863, 0.3, 0.23, 0.16831683168316833, 0.16, 0.27, 0.1782178217821782, 0.32, 0.21782178217821782, 0.518, 0.49298597194388777, 0.222, 0.5290581162324649, 0.3687374749498998, 0.67, 0.414, 0.374, 0.3026052104208417, 0.302, 0.194, 0.28857715430861725, 0.22044088176352705, 0.30060120240480964, 0.24048096192384769, 0.28857715430861725, 0.21052631578947367, 0.2631578947368421, 0.21052631578947367, 0.25, 0.2631578947368421, 0.25, 0.3684210526315789, 0.25, 0.2631578947368421, 0.2631578947368421, 0.2631578947368421, 0.15, 0.21052631578947367, 0.21052631578947367, 0.21052631578947367, 0.25, 0.39603960396039606, 0.42, 0.46534653465346537, 0.22772277227722773, 0.3564356435643564, 0.19801980198019803, 0.42574257425742573, 0.21782178217821782, 0.17, 0.22772277227722773, 0.13861386138613863, 0.2376237623762376, 0.35, 0.29, 0.23, 0.19, 0.5751503006012024, 0.616, 0.5691382765531062, 0.5991983967935872, 0.4188376753507014, 0.464, 0.484, 0.3627254509018036, 0.24248496993987975, 0.36472945891783565, 0.3727454909819639, 0.15430861723446893, 0.3226452905811623, 0.280561122244489, 0.3466933867735471, 0.22044088176352705, 0.3157894736842105, 0.3684210526315789, 0.25, 0.25, 0.3684210526315789, 0.3, 0.15, 0.42105263157894735, 0.21052631578947367, 0.2, 0.21052631578947367, 0.2, 0.15789473684210525, 0.15789473684210525, 0.2631578947368421, 0.35, 0.45, 0.33, 0.56, 0.2376237623762376, 0.7029702970297029, 0.48, 0.36, 0.26732673267326734, 0.24, 0.28, 0.26, 0.27, 0.32, 0.25742574257425743, 0.27722772277227725, 0.16831683168316833, 0.342685370741483, 0.2605210420841683, 0.332, 0.5831663326653307, 0.3907815631262525, 0.456, 0.4909819639278557, 0.472, 0.25250501002004005, 0.24849699398797595, 0.194, 0.3587174348697395, 0.3186372745490982, 0.24649298597194388, 0.262, 0.178, 0.35, 0.21052631578947367, 0.2631578947368421, 0.3, 0.3, 0.2, 0.2631578947368421, 0.21052631578947367, 0.15789473684210525, 0.3, 0.3, 0.21052631578947367, 0.2631578947368421, 0.21052631578947367, 0.3684210526315789, 0.3, 0.38613861386138615, 0.25, 0.29, 0.37623762376237624, 0.25, 0.21, 0.35, 0.43, 0.21782178217821782, 0.2, 0.18, 0.25742574257425743, 0.4158415841584158, 0.2871287128712871, 0.27, 0.27, 0.46693386773547096, 0.5971943887775552, 0.576, 0.51, 0.24849699398797595, 0.442, 0.23, 0.39, 0.4348697394789579, 0.24649298597194388, 0.182, 0.27, 0.280561122244489, 0.21, 0.25250501002004005, 0.234, 0.35, 0.3157894736842105, 0.3, 0.25, 0.21052631578947367, 0.35, 0.3, 0.3684210526315789, 0.25, 0.2631578947368421, 0.3157894736842105, 0.2631578947368421, 0.21052631578947367, 0.3, 0.2631578947368421, 0.25, 0.47, 0.25742574257425743, 0.36, 0.22772277227722773, 0.45, 0.3069306930693069, 0.43, 0.22772277227722773, 0.23, 0.24, 0.27722772277227725, 0.18, 0.3069306930693069, 0.21, 0.28, 0.27722772277227725, 0.3927855711422846, 0.4148296593186373, 0.426, 0.5691382765531062, 0.67, 0.646, 0.43286573146292584, 0.3927855711422846, 0.2985971943887776, 0.28256513026052105, 0.232, 0.3066132264529058, 0.27655310621242485, 0.3026052104208417, 0.3157894736842105, 0.15789473684210525, 0.3684210526315789, 0.21052631578947367, 0.3684210526315789, 0.4, 0.42105263157894735, 0.3157894736842105, 0.3157894736842105, 0.2, 0.25, 0.3157894736842105, 0.15789473684210525, 0.25, 0.2631578947368421, 0.45, 0.39, 0.34, 0.297029702970297, 0.36633663366336633, 0.58, 0.37, 0.39, 0.35, 0.32, 0.26, 0.24, 0.2, 0.35, 0.16, 0.24, 0.21, 0.35070140280561124, 0.5050100200400801, 0.25250501002004005, 0.622, 0.4228456913827655, 0.432, 0.41282565130260523, 0.44, 0.21442885771543085, 0.39478957915831664, 0.26452905811623245, 0.35, 0.17635270541082165, 0.208, 0.2565130260521042, 0.248, 0.25, 0.2, 0.25, 0.15, 0.25, 0.15, 0.3684210526315789, 0.2631578947368421, 0.42105263157894735, 0.21052631578947367, 0.35, 0.3, 0.3157894736842105, 0.21052631578947367, 0.21052631578947367, 0.3157894736842105, 0.44554455445544555, 0.7, 0.34, 0.21782178217821782, 0.44554455445544555, 0.26732673267326734, 0.37, 0.24752475247524752, 0.42, 0.3, 0.21, 0.24, 0.37, 0.16831683168316833, 0.297029702970297, 0.1485148514851485, 0.474, 0.4649298597194389, 0.39478957915831664, 0.524, 0.3406813627254509, 0.46, 0.42685370741482964, 0.38877755511022044, 0.24649298597194388, 0.38, 0.182, 0.302, 0.45490981963927857, 0.2565130260521042, 0.2845691382765531, 0.24048096192384769, 0.42105263157894735, 0.21052631578947367, 0.3684210526315789, 0.3157894736842105, 0.35, 0.3, 0.21052631578947367, 0.25, 0.25, 0.15789473684210525, 0.2631578947368421, 0.35, 0.21052631578947367, 0.2, 0.21052631578947367, 0.2, 0.33, 0.35, 0.25742574257425743, 0.21, 0.6435643564356436, 0.33663366336633666, 0.71, 0.49504950495049505, 0.297029702970297, 0.24, 0.37, 0.18, 0.24, 0.1782178217821782, 0.33, 0.22772277227722773, 0.382, 0.69, 0.322, 0.528, 0.18637274549098196, 0.3867735470941884, 0.48697394789579157, 0.2685370741482966, 0.19839679358717435, 0.2985971943887776, 0.18837675350701402, 0.19, 0.2605210420841683, 0.192, 0.32064128256513025, 0.198, 0.5263157894736842, 0.3684210526315789, 0.35, 0.25, 0.21052631578947367, 0.3, 0.3684210526315789, 0.21052631578947367, 0.21052631578947367, 0.21052631578947367, 0.3157894736842105, 0.15, 0.15789473684210525, 0.10526315789473684, 0.2631578947368421, 0.2631578947368421, 0.28, 0.33, 0.32673267326732675, 0.21782178217821782, 0.32, 0.3, 0.3465346534653465, 0.49504950495049505, 0.25742574257425743, 0.23, 0.36, 0.15841584158415842, 0.41, 0.28, 0.22, 0.26, 0.478, 0.6392785571142284, 0.2685370741482966, 0.4, 0.21442885771543085, 0.75, 0.45090180360721444, 0.5090180360721442, 0.4649298597194389, 0.22444889779559118, 0.17234468937875752, 0.34, 0.3026052104208417, 0.24448897795591182, 0.23246492985971945, 0.3406813627254509]
