Total side score = 1453
Average side score = 2.88866799205
Side score breakdown = [2, 3, 3, 2, 2, 4, 1, 3, 4, 2, 3, 3, 4, 4, 4, 4, 4, 4, 3, 4, 4, 1, 1, 1, 2, 4, 4, 4, 4, 1, 3, 4, 1, 4, 1, 2, 4, 4, 4, 3, 1, 2, 2, 2, 3, 2, 1, 3, 1, 4, 4, 3, 1, 3, 4, 4, 4, 4, 2, 3, 2, 4, 4, 2, 4, 3, 3, 4, 4, 4, 2, 4, 2, 4, 2, 2, 4, 3, 2, 3, 3, 4, 4, 1, 3, 4, 3, 4, 4, 4, 3, 4, 4, 2, 3, 2, 4, 4, 4, 4, 4, 1, 2, 4, 2, 1, 1, 3, 4, 3, 4, 4, 4, 4, 2, 3, 2, 2, 2, 1, 1, 4, 4, 3, 4, 1, 2, 4, 3, 1, 4, 2, 1, 4, 3, 4, 1, 1, 3, 3, 1, 1, 2, 4, 3, 4, 1, 3, 2, 3, 2, 3, 2, 2, 2, 1, 2, 4, 4, 4, 3, 1, 1, 4, 4, 2, 3, 3, 1, 4, 4, 4, 4, 3, 3, 3, 2, 4, 1, 2, 4, 1, 3, 4, 2, 4, 2, 4, 2, 3, 3, 3, 3, 4, 4, 3, 4, 4, 2, 4, 3, 1, 1, 3, 4, 4, 3, 4, 1, 1, 3, 3, 2, 4, 3, 4, 2, 3, 3, 3, 3, 4, 2, 4, 2, 2, 4, 2, 4, 4, 4, 1, 4, 3, 3, 4, 4, 3, 4, 1, 3, 4, 3, 4, 1, 1, 3, 3, 3, 3, 3, 1, 1, 4, 4, 3, 4, 3, 3, 4, 2, 2, 3, 3, 3, 4, 4, 4, 4, 1, 2, 3, 4, 3, 3, 3, 4, 4, 4, 4, 2, 1, 3, 4, 3, 3, 1, 1, 4, 4, 4, 2, 4, 3, 2, 3, 3, 2, 1, 1, 4, 4, 3, 2, 1, 4, 3, 4, 4, 4, 4, 3, 1, 4, 2, 4, 1, 1, 4, 4, 3, 1, 2, 4, 4, 2, 2, 4, 4, 3, 3, 1, 2, 3, 3, 1, 1, 4, 4, 4, 3, 1, 4, 4, 4, 2, 1, 2, 4, 3, 4, 4, 4, 3, 3, 4, 2, 3, 2, 2, 1, 4, 4, 2, 4, 3, 3, 3, 2, 3, 2, 4, 4, 4, 4, 4, 4, 3, 4, 4, 1, 1, 1, 4, 4, 4, 4, 1, 4, 3, 4, 1, 1, 3, 4, 4, 3, 3, 1, 4, 2, 3, 3, 4, 2, 4, 2, 2, 4, 4, 4, 4, 3, 3, 4, 4, 1, 1, 2, 4, 4, 3, 4, 1, 1, 3, 4, 4, 3, 2, 4, 3, 2, 4, 4, 3, 3, 3, 3, 2, 2, 1, 1, 1, 4, 4, 3, 2, 4, 3, 4, 2, 1, 1, 1, 3, 4, 2, 4, 2, 1, 3, 4, 3, 1, 2, 4, 3, 2, 2, 4, 1, 4, 2, 4, 1, 1, 3, 2, 4, 4, 4, 4, 3, 3, 3, 4, 3, 3, 3, 4, 1, 4, 3, 4, 4, 1, 3, 4, 3, 3, 1, 1]

Total across score = 2303
Average across score = 3.03026315789
Across score breakdown = [3, 3, 1, 3, 2, 3, 4, 1, 3, 3, 3, 4, 2, 3, 1, 3, 3, 1, 3, 4, 3, 4, 3, 4, 4, 4, 4, 3, 4, 2, 3, 1, 3, 3, 2, 2, 4, 4, 3, 4, 4, 3, 4, 3, 4, 3, 4, 2, 2, 3, 4, 4, 3, 2, 3, 3, 3, 4, 1, 4, 3, 4, 3, 3, 3, 3, 2, 1, 2, 2, 1, 4, 4, 4, 1, 3, 4, 3, 3, 4, 4, 3, 4, 1, 4, 2, 2, 3, 2, 1, 4, 4, 4, 2, 3, 4, 4, 4, 4, 3, 4, 2, 1, 3, 1, 4, 2, 2, 4, 4, 3, 2, 2, 3, 3, 2, 2, 2, 4, 1, 2, 2, 2, 3, 3, 4, 3, 4, 2, 4, 4, 4, 4, 4, 4, 4, 4, 4, 3, 3, 4, 2, 1, 4, 2, 4, 1, 2, 4, 4, 4, 1, 4, 3, 4, 2, 3, 1, 3, 3, 1, 3, 3, 3, 3, 3, 3, 3, 2, 3, 4, 2, 2, 3, 2, 3, 2, 3, 2, 2, 4, 4, 3, 4, 4, 3, 4, 3, 2, 2, 4, 2, 4, 1, 4, 3, 1, 2, 4, 4, 1, 4, 4, 4, 3, 2, 4, 3, 4, 1, 4, 2, 2, 3, 3, 3, 3, 4, 3, 3, 1, 2, 2, 3, 1, 2, 3, 2, 4, 1, 2, 3, 1, 4, 3, 4, 4, 1, 4, 2, 4, 4, 3, 4, 4, 3, 4, 1, 1, 3, 1, 3, 2, 4, 4, 2, 4, 3, 4, 4, 4, 2, 4, 1, 2, 2, 2, 2, 1, 2, 3, 3, 4, 4, 3, 4, 4, 2, 4, 1, 2, 3, 1, 1, 3, 2, 3, 3, 4, 4, 1, 4, 4, 4, 4, 1, 4, 4, 4, 1, 4, 4, 3, 4, 3, 3, 4, 4, 3, 3, 4, 4, 4, 3, 4, 3, 4, 1, 4, 3, 2, 3, 2, 4, 4, 3, 3, 3, 3, 3, 1, 3, 3, 3, 4, 1, 4, 2, 3, 2, 1, 4, 4, 4, 4, 4, 4, 4, 4, 4, 4, 4, 4, 3, 3, 1, 3, 3, 2, 1, 4, 4, 3, 4, 3, 2, 4, 4, 4, 4, 4, 3, 4, 4, 2, 4, 1, 3, 2, 3, 1, 4, 4, 3, 4, 4, 2, 1, 3, 1, 1, 2, 2, 3, 4, 3, 4, 4, 3, 2, 4, 2, 4, 3, 4, 3, 4, 3, 1, 2, 4, 3, 2, 2, 4, 4, 4, 2, 4, 4, 4, 4, 3, 4, 4, 2, 2, 3, 2, 3, 1, 2, 3, 3, 4, 4, 3, 3, 4, 4, 4, 3, 2, 3, 2, 2, 2, 3, 3, 3, 4, 4, 4, 4, 4, 4, 4, 3, 4, 2, 4, 2, 4, 2, 4, 3, 4, 1, 4, 4, 3, 2, 4, 4, 4, 4, 4, 3, 4, 2, 4, 3, 1, 3, 2, 4, 4, 4, 4, 3, 2, 2, 3, 4, 4, 2, 3, 4, 1, 3, 3, 2, 2, 1, 4, 2, 3, 4, 4, 3, 4, 1, 3, 3, 4, 2, 4, 3, 4, 3, 3, 3, 4, 4, 2, 3, 4, 4, 4, 4, 4, 4, 4, 3, 4, 1, 2, 4, 1, 4, 3, 3, 2, 2, 4, 4, 4, 3, 1, 2, 4, 4, 4, 4, 3, 4, 2, 2, 1, 3, 2, 3, 3, 4, 4, 4, 4, 2, 2, 3, 4, 4, 4, 3, 3, 4, 1, 3, 3, 1, 4, 4, 1, 3, 4, 4, 4, 1, 4, 3, 4, 1, 4, 4, 2, 3, 3, 2, 4, 4, 3, 4, 4, 3, 2, 3, 2, 3, 4, 4, 4, 2, 2, 2, 3, 2, 4, 4, 4, 4, 4, 2, 4, 2, 3, 4, 4, 2, 4, 3, 3, 4, 1, 1, 4, 4, 4, 1, 4, 4, 4, 4, 4, 3, 4, 1, 4, 3, 3, 4, 2, 1, 2, 4, 3, 3, 4, 2, 4, 2, 3, 4, 1, 3, 2, 2, 1, 3, 3, 2, 4, 4, 4, 4, 4, 2, 4, 3, 4, 4, 4, 4, 4, 1, 2, 4, 2, 2, 4, 4, 3, 4, 4, 4, 3, 4, 4, 4, 4, 3, 3, 3, 2, 3, 2, 4, 2, 4, 1, 4, 4, 2, 4, 1, 4, 2, 3, 1, 3, 1, 2, 3, 3, 2, 4, 4, 4, 4, 4, 4, 4, 4, 4, 3, 4, 3, 4, 4, 3, 3, 2, 4, 4, 4, 1, 3, 4, 4, 4, 4, 4, 3, 4, 1, 3, 2, 2, 4, 2, 3]

Side score avg percent = 0.29431931903
Across score avg percent = 0.300787660364
Side score percent breakdown = [0.15789473684210525, 0.25, 0.3, 0.25, 0.21052631578947367, 0.3684210526315789, 0.15789473684210525, 0.2631578947368421, 0.3157894736842105, 0.15789473684210525, 0.3157894736842105, 0.21052631578947367, 0.38613861386138615, 0.5445544554455446, 0.33, 0.39, 0.5, 0.46, 0.24, 0.39603960396039606, 0.44, 0.18, 0.21, 0.22, 0.2545090180360721, 0.314, 0.3927855711422846, 0.542, 0.43286573146292584, 0.20440881763527055, 0.266, 0.39, 0.216, 0.338, 0.18236472945891782, 0.24448897795591182, 0.3684210526315789, 0.45, 0.3, 0.25, 0.15789473684210525, 0.15789473684210525, 0.21052631578947367, 0.15789473684210525, 0.35, 0.2, 0.15789473684210525, 0.25, 0.17, 0.32, 0.59, 0.297029702970297, 0.2, 0.27722772277227725, 0.38, 0.33663366336633666, 0.31, 0.31, 0.21782178217821782, 0.28, 0.226, 0.35671342685370744, 0.4849699398797595, 0.192, 0.2785571142284569, 0.24048096192384769, 0.2985971943887776, 0.3166332665330661, 0.35470941883767537, 0.31462925851703405, 0.25250501002004005, 0.3366733466933868, 0.21052631578947367, 0.4, 0.2, 0.21052631578947367, 0.35, 0.2631578947368421, 0.05263157894736842, 0.2631578947368421, 0.2631578947368421, 0.35, 0.35, 0.10526315789473684, 0.26, 0.36633663366336633, 0.33663366336633666, 0.3465346534653465, 0.3, 0.51, 0.32, 0.29, 0.46, 0.16, 0.26, 0.24, 0.3046092184368738, 0.3847695390781563, 0.478, 0.6032064128256514, 0.312625250501002, 0.20440881763527055, 0.21042084168336672, 0.3226452905811623, 0.24248496993987975, 0.198, 0.20440881763527055, 0.2925851703406814, 0.42105263157894735, 0.25, 0.3157894736842105, 0.3157894736842105, 0.2631578947368421, 0.35, 0.10526315789473684, 0.2631578947368421, 0.15789473684210525, 0.15789473684210525, 0.15789473684210525, 0.15789473684210525, 0.18, 0.3564356435643564, 0.54, 0.2376237623762376, 0.3564356435643564, 0.17, 0.23711340206185566, 0.28, 0.27, 0.19801980198019803, 0.26732673267326734, 0.2079207920792079, 0.18236472945891782, 0.46292585170340683, 0.35, 0.5250501002004008, 0.20240480961923848, 0.19, 0.296, 0.252, 0.20440881763527055, 0.196, 0.2, 0.32665330661322645, 0.3157894736842105, 0.4, 0.15, 0.2, 0.2, 0.2631578947368421, 0.21052631578947367, 0.25, 0.21052631578947367, 0.2, 0.21052631578947367, 0.10526315789473684, 0.19801980198019803, 0.41, 0.71, 0.4, 0.35, 0.15841584158415842, 0.2, 0.48, 0.31, 0.2, 0.29, 0.26, 0.1903807615230461, 0.3486973947895792, 0.512, 0.74, 0.374, 0.25250501002004005, 0.2865731462925852, 0.2745490981963928, 0.25250501002004005, 0.36072144288577157, 0.1963927855711423, 0.22244488977955912, 0.3684210526315789, 0.15, 0.3, 0.35, 0.21052631578947367, 0.3684210526315789, 0.15789473684210525, 0.35, 0.2631578947368421, 0.3, 0.3684210526315789, 0.2631578947368421, 0.25, 0.52, 0.71, 0.3, 0.41, 0.46, 0.22, 0.48, 0.27, 0.1782178217821782, 0.18, 0.24, 0.3787575150300601, 0.4248496993987976, 0.3687374749498998, 0.67, 0.156312625250501, 0.19839679358717435, 0.24248496993987975, 0.2625250501002004, 0.22044088176352705, 0.30060120240480964, 0.2905811623246493, 0.3466933867735471, 0.25, 0.3, 0.2631578947368421, 0.25, 0.25, 0.42105263157894735, 0.15789473684210525, 0.35, 0.21052631578947367, 0.21052631578947367, 0.3157894736842105, 0.15789473684210525, 0.29, 0.42, 0.3564356435643564, 0.19801980198019803, 0.28, 0.26, 0.26, 0.2871287128712871, 0.35, 0.29, 0.2871287128712871, 0.18, 0.23, 0.536, 0.4188376753507014, 0.464, 0.1462925851703407, 0.1843687374749499, 0.27054108216432865, 0.25250501002004005, 0.3226452905811623, 0.280561122244489, 0.2545090180360721, 0.22044088176352705, 0.10526315789473684, 0.3684210526315789, 0.3684210526315789, 0.3, 0.55, 0.2631578947368421, 0.2631578947368421, 0.42105263157894735, 0.15789473684210525, 0.15789473684210525, 0.25, 0.3157894736842105, 0.25, 0.45544554455445546, 0.7029702970297029, 0.48, 0.5247524752475248, 0.22, 0.24, 0.28, 0.32, 0.25742574257425743, 0.25, 0.32, 0.3166332665330661, 0.5350701402805611, 0.3907815631262525, 0.456, 0.24649298597194388, 0.194, 0.3106212424849699, 0.342685370741483, 0.3186372745490982, 0.24649298597194388, 0.21442885771543085, 0.182, 0.3684210526315789, 0.3684210526315789, 0.3, 0.2, 0.3684210526315789, 0.2631578947368421, 0.15789473684210525, 0.3157894736842105, 0.2631578947368421, 0.21052631578947367, 0.15, 0.15789473684210525, 0.29, 0.46534653465346537, 0.25, 0.21, 0.1485148514851485, 0.34, 0.34, 0.34, 0.4158415841584158, 0.2871287128712871, 0.29, 0.28, 0.1963927855711423, 0.322, 0.24849699398797595, 0.442, 0.1743486973947896, 0.216, 0.36, 0.3286573146292585, 0.280561122244489, 0.21, 0.2124248496993988, 0.280561122244489, 0.2631578947368421, 0.25, 0.21052631578947367, 0.35, 0.4, 0.21052631578947367, 0.21052631578947367, 0.15789473684210525, 0.21052631578947367, 0.3, 0.3, 0.10526315789473684, 0.21, 0.36633663366336633, 0.45, 0.3069306930693069, 0.3, 0.18, 0.37, 0.35, 0.3069306930693069, 0.21, 0.19, 0.21, 0.48, 0.288, 0.67, 0.646, 0.302, 0.23246492985971945, 0.26706827309236947, 0.2965931863727455, 0.27655310621242485, 0.3026052104208417, 0.22444889779559118, 0.21052631578947367, 0.15789473684210525, 0.3684210526315789, 0.4, 0.21052631578947367, 0.42105263157894735, 0.3, 0.3157894736842105, 0.15789473684210525, 0.25, 0.2631578947368421, 0.21052631578947367, 0.37, 0.38, 0.58, 0.37, 0.29, 0.39, 0.27, 0.41, 0.35, 0.16, 0.22, 0.17, 0.408, 0.342685370741483, 0.4228456913827655, 0.432, 0.1903807615230461, 0.42084168336673344, 0.2985971943887776, 0.378, 0.17635270541082165, 0.208, 0.242, 0.2725450901803607, 0.3684210526315789, 0.25, 0.25, 0.15, 0.3684210526315789, 0.2631578947368421, 0.21052631578947367, 0.3157894736842105, 0.3157894736842105, 0.21052631578947367, 0.3157894736842105, 0.15789473684210525, 0.21, 0.48, 0.44554455445544555, 0.26732673267326734, 0.42, 0.28, 0.31, 0.4158415841584158, 0.37, 0.16831683168316833, 0.15, 0.26, 0.4288577154308617, 0.42685370741482964, 0.3406813627254509, 0.46, 0.20240480961923848, 0.17234468937875752, 0.292, 0.35070140280561124, 0.45490981963927857, 0.2565130260521042, 0.238, 0.2965931863727455, 0.3, 0.25, 0.35, 0.3, 0.25, 0.3157894736842105, 0.2631578947368421, 0.2631578947368421, 0.21052631578947367, 0.2, 0.1, 0.15789473684210525, 0.15, 0.42, 0.6435643564356436, 0.33663366336633666, 0.25742574257425743, 0.45, 0.3, 0.39, 0.24, 0.1782178217821782, 0.16831683168316833, 0.15, 0.27054108216432865, 0.346, 0.18637274549098196, 0.3867735470941884, 0.21442885771543085, 0.1903807615230461, 0.3106212424849699, 0.298, 0.2605210420841683, 0.192, 0.22, 0.30060120240480964, 0.2631578947368421, 0.2, 0.21052631578947367, 0.3, 0.15, 0.3684210526315789, 0.21052631578947367, 0.3, 0.15789473684210525, 0.10526315789473684, 0.2631578947368421, 0.21052631578947367, 0.37, 0.45, 0.32, 0.3, 0.25, 0.26, 0.3069306930693069, 0.32673267326732675, 0.41, 0.28, 0.29, 0.33663366336633666, 0.22444889779559118, 0.43, 0.21442885771543085, 0.75, 0.292, 0.20040080160320642, 0.3299798792756539, 0.298, 0.3026052104208417, 0.24448897795591182, 0.17635270541082165, 0.184]
Across score percent breakdown = [0.3, 0.3157894736842105, 0.15, 0.35, 0.21052631578947367, 0.25, 0.2631578947368421, 0.1, 0.2631578947368421, 0.3157894736842105, 0.21052631578947367, 0.4, 0.25, 0.25, 0.10526315789473684, 0.2631578947368421, 0.3, 0.10526315789473684, 0.35, 0.36633663366336633, 0.25742574257425743, 0.32673267326732675, 0.32, 0.25742574257425743, 0.37623762376237624, 0.3564356435643564, 0.39603960396039606, 0.26732673267326734, 0.40594059405940597, 0.24, 0.28, 0.2, 0.3, 0.27, 0.22772277227722773, 0.25742574257425743, 0.40681362725450904, 0.503006012024048, 0.24649298597194388, 0.314, 0.6773547094188377, 0.2565130260521042, 0.3847695390781563, 0.26452905811623245, 0.4909819639278557, 0.2905811623246493, 0.4088176352705411, 0.2, 0.25, 0.27054108216432865, 0.35671342685370744, 0.342, 0.2785571142284569, 0.22645290581162325, 0.21052631578947367, 0.2631578947368421, 0.25, 0.5, 0.15789473684210525, 0.42105263157894735, 0.25, 0.3, 0.2631578947368421, 0.25, 0.21052631578947367, 0.21052631578947367, 0.2, 0.2, 0.21052631578947367, 0.2, 0.15, 0.3684210526315789, 0.3564356435643564, 0.4158415841584158, 0.16831683168316833, 0.27, 0.39, 0.24, 0.36, 0.41, 0.28, 0.28, 0.37623762376237624, 0.19, 0.38, 0.22, 0.22, 0.23, 0.22, 0.2079207920792079, 0.38276553106212424, 0.5551102204408818, 0.2925851703406814, 0.24048096192384769, 0.25250501002004005, 0.6332665330661322, 0.408, 0.304, 0.503006012024048, 0.344, 0.32064128256513025, 0.19438877755511022, 0.192, 0.28256513026052105, 0.1843687374749499, 0.3226452905811623, 0.22645290581162325, 0.24248496993987975, 0.3684210526315789, 0.3684210526315789, 0.2631578947368421, 0.25, 0.21052631578947367, 0.2631578947368421, 0.2631578947368421, 0.2, 0.2, 0.21052631578947367, 0.3, 0.15789473684210525, 0.25, 0.2, 0.15789473684210525, 0.2631578947368421, 0.25, 0.3157894736842105, 0.3465346534653465, 0.44, 0.2079207920792079, 0.3069306930693069, 0.36, 0.45544554455445546, 0.5544554455445545, 0.27, 0.44, 0.29, 0.46, 0.29, 0.297029702970297, 0.23, 0.41, 0.2376237623762376, 0.17, 0.36633663366336633, 0.23446893787575152, 0.438, 0.17034068136272545, 0.24649298597194388, 0.402, 0.7575150300601202, 0.402, 0.208, 0.5651302605210421, 0.28256513026052105, 0.2965931863727455, 0.18637274549098196, 0.246, 0.19438877755511022, 0.2545090180360721, 0.2745490981963928, 0.202, 0.250501002004008, 0.25, 0.2631578947368421, 0.25, 0.3, 0.2631578947368421, 0.2631578947368421, 0.2, 0.25, 0.3684210526315789, 0.21052631578947367, 0.15789473684210525, 0.3, 0.2, 0.3, 0.2631578947368421, 0.3, 0.2, 0.21052631578947367, 0.40594059405940597, 0.34, 0.29, 0.2871287128712871, 0.52, 0.28, 0.36633663366336633, 0.36633663366336633, 0.26, 0.23, 0.36, 0.23, 0.31, 0.19, 0.28, 0.22, 0.17, 0.24, 0.3807615230460922, 0.528, 0.20240480961923848, 0.378, 0.44889779559118237, 0.6312625250501002, 0.2665330661322645, 0.198, 0.48697394789579157, 0.266, 0.2905811623246493, 0.21042084168336672, 0.28857715430861725, 0.22244488977955912, 0.21442885771543085, 0.2925851703406814, 0.33266533066132264, 0.25851703406813625, 0.35, 0.47368421052631576, 0.25, 0.3, 0.2, 0.21052631578947367, 0.2631578947368421, 0.25, 0.2, 0.15789473684210525, 0.2631578947368421, 0.25, 0.3, 0.10526315789473684, 0.15789473684210525, 0.25, 0.15, 0.3157894736842105, 0.31, 0.41, 0.32, 0.1782178217821782, 0.47, 0.24, 0.33663366336633666, 0.40594059405940597, 0.29, 0.37, 0.41, 0.25, 0.4, 0.17, 0.15841584158415842, 0.31, 0.1782178217821782, 0.28, 0.2625250501002004, 0.47695390781563124, 0.36072144288577157, 0.24649298597194388, 0.4969939879759519, 0.31462925851703405, 0.3046092184368738, 0.328, 0.4, 0.27655310621242485, 0.37675350701402804, 0.19438877755511022, 0.250501002004008, 0.24, 0.21042084168336672, 0.24048096192384769, 0.19, 0.242, 0.2631578947368421, 0.3, 0.35, 0.35, 0.3157894736842105, 0.3684210526315789, 0.4, 0.25, 0.3684210526315789, 0.15789473684210525, 0.21052631578947367, 0.25, 0.15789473684210525, 0.15789473684210525, 0.2631578947368421, 0.2631578947368421, 0.3, 0.25, 0.44554455445544555, 0.4752475247524752, 0.18811881188118812, 0.3069306930693069, 0.44, 0.36, 0.43, 0.21, 0.6, 0.31, 0.41, 0.19, 0.3465346534653465, 0.28, 0.23, 0.36, 0.26732673267326734, 0.2871287128712871, 0.316, 0.4709418837675351, 0.25, 0.268, 0.4188376753507014, 0.5170340681362725, 0.32665330661322645, 0.2965931863727455, 0.4849699398797595, 0.2785571142284569, 0.3226452905811623, 0.1963927855711423, 0.3166332665330661, 0.264, 0.24048096192384769, 0.274, 0.21042084168336672, 0.4348697394789579, 0.35, 0.3, 0.25, 0.25, 0.3157894736842105, 0.2631578947368421, 0.2, 0.25, 0.2631578947368421, 0.2631578947368421, 0.3684210526315789, 0.15, 0.35, 0.15789473684210525, 0.2631578947368421, 0.2, 0.2, 0.2631578947368421, 0.43, 0.54, 0.34, 0.48514851485148514, 0.48, 0.3, 0.504950495049505, 0.49504950495049505, 0.31, 0.32, 0.37, 0.2376237623762376, 0.26262626262626265, 0.15, 0.29, 0.25, 0.22, 0.16831683168316833, 0.3366733466933868, 0.3667334669338677, 0.264, 0.286, 0.30060120240480964, 0.23, 0.4028056112224449, 0.3667334669338677, 0.45090180360721444, 0.39478957915831664, 0.41082164328657317, 0.24248496993987975, 0.33867735470941884, 0.40681362725450904, 0.22444889779559118, 0.2965931863727455, 0.19839679358717435, 0.26452905811623245, 0.15789473684210525, 0.2631578947368421, 0.15789473684210525, 0.45, 0.3684210526315789, 0.3157894736842105, 0.3, 0.3157894736842105, 0.15789473684210525, 0.15, 0.2631578947368421, 0.1, 0.15, 0.21052631578947367, 0.15, 0.2, 0.3157894736842105, 0.21052631578947367, 0.36633663366336633, 0.41, 0.3, 0.24752475247524752, 0.45544554455445546, 0.21782178217821782, 0.34, 0.31683168316831684, 0.27722772277227725, 0.3, 0.32, 0.31683168316831684, 0.22, 0.23, 0.34, 0.34, 0.2, 0.23, 0.35671342685370744, 0.4168336673346693, 0.428, 0.20040080160320642, 0.504, 0.426, 0.3226452905811623, 0.382, 0.33867735470941884, 0.40480961923847697, 0.332, 0.23847695390781562, 0.2565130260521042, 0.250501002004008, 0.20440881763527055, 0.3066132264529058, 0.196, 0.248, 0.25, 0.2631578947368421, 0.4, 0.35, 0.2631578947368421, 0.3157894736842105, 0.47368421052631576, 0.3, 0.42105263157894735, 0.3157894736842105, 0.15789473684210525, 0.25, 0.2, 0.21052631578947367, 0.21052631578947367, 0.2631578947368421, 0.3, 0.2631578947368421, 0.45544554455445546, 0.61, 0.48, 0.33663366336633666, 0.36, 0.35, 0.38, 0.25, 0.31, 0.26, 0.45, 0.19, 0.37, 0.23, 0.35, 0.27, 0.34, 0.21, 0.364, 0.4168336673346693, 0.246, 0.226, 0.416, 0.5731462925851704, 0.36, 0.346, 0.5951903807615231, 0.22244488977955912, 0.362, 0.186, 0.3527054108216433, 0.312625250501002, 0.16432865731462926, 0.2685370741482966, 0.224, 0.3066132264529058, 0.3, 0.35, 0.35, 0.3, 0.21052631578947367, 0.21052631578947367, 0.3, 0.3684210526315789, 0.3157894736842105, 0.2, 0.42105263157894735, 0.4, 0.15, 0.2631578947368421, 0.25, 0.21052631578947367, 0.15789473684210525, 0.10526315789473684, 0.37, 0.24, 0.26732673267326734, 0.3, 0.4752475247524752, 0.27, 0.37, 0.19, 0.2871287128712871, 0.27722772277227725, 0.45, 0.19, 0.33, 0.24, 0.29, 0.297029702970297, 0.297029702970297, 0.2871287128712871, 0.35470941883767537, 0.43687374749499, 0.23647294589178355, 0.248, 0.322, 0.3406813627254509, 0.374749498997996, 0.334, 0.38276553106212424, 0.3907815631262525, 0.43887775551102204, 0.2605210420841683, 0.2905811623246493, 0.196, 0.23847695390781562, 0.2725450901803607, 0.194, 0.4969939879759519, 0.29458917835671344, 0.2845691382765531, 0.20841683366733466, 0.24248496993987975, 0.47368421052631576, 0.35, 0.3157894736842105, 0.3, 0.10526315789473684, 0.2, 0.3684210526315789, 0.35, 0.3684210526315789, 0.35, 0.21052631578947367, 0.3684210526315789, 0.2, 0.15789473684210525, 0.15789473684210525, 0.2631578947368421, 0.2, 0.2631578947368421, 0.31, 0.41, 0.34, 0.3069306930693069, 0.42, 0.26, 0.27, 0.32, 0.2871287128712871, 0.4, 0.39, 0.25742574257425743, 0.28, 0.36, 0.17, 0.3, 0.2871287128712871, 0.18, 0.4228456913827655, 0.3867735470941884, 0.21042084168336672, 0.266, 0.501002004008016, 0.342685370741483, 0.426, 0.2124248496993988, 0.412, 0.32665330661322645, 0.3306613226452906, 0.20841683366733466, 0.3867735470941884, 0.48096192384769537, 0.234, 0.308, 0.2565130260521042, 0.232, 0.4, 0.4, 0.35, 0.3, 0.3684210526315789, 0.2631578947368421, 0.21052631578947367, 0.3, 0.25, 0.2631578947368421, 0.3157894736842105, 0.3, 0.3, 0.21052631578947367, 0.21052631578947367, 0.21052631578947367, 0.2, 0.21052631578947367, 0.56, 0.48, 0.32673267326732675, 0.42574257425742573, 0.36, 0.22, 0.31683168316831684, 0.21, 0.27, 0.38, 0.38, 0.24, 0.44, 0.24, 0.27, 0.35, 0.16, 0.2, 0.34, 0.4529058116232465, 0.382, 0.198, 0.486, 0.5891783567134269, 0.3186372745490982, 0.3787575150300601, 0.46292585170340683, 0.32665330661322645, 0.40080160320641284, 0.18036072144288579, 0.324, 0.282, 0.27655310621242485, 0.33, 0.242, 0.22645290581162325, 0.21052631578947367, 0.3, 0.2, 0.35, 0.3684210526315789, 0.21052631578947367, 0.4, 0.2, 0.2631578947368421, 0.3684210526315789, 0.15789473684210525, 0.21052631578947367, 0.15, 0.25, 0.10526315789473684, 0.3157894736842105, 0.25, 0.2, 0.41, 0.46, 0.34, 0.27722772277227725, 0.4158415841584158, 0.22, 0.36, 0.27, 0.28, 0.4, 0.51, 0.29, 0.3465346534653465, 0.18, 0.21, 0.31, 0.17, 0.25, 0.354, 0.342685370741483, 0.328, 0.356, 0.5130260521042084, 0.5370741482965932, 0.25851703406813625, 0.318, 0.35070140280561124, 0.342685370741483, 0.3587174348697395, 0.256, 0.2565130260521042, 0.25250501002004005, 0.22845691382765532, 0.276, 0.20641282565130262, 0.31462925851703405, 0.25, 0.3157894736842105, 0.15, 0.4, 0.2631578947368421, 0.15789473684210525, 0.3157894736842105, 0.15, 0.3684210526315789, 0.2, 0.2631578947368421, 0.2, 0.2, 0.21052631578947367, 0.10526315789473684, 0.3157894736842105, 0.3, 0.21052631578947367, 0.47, 0.37623762376237624, 0.31683168316831684, 0.3069306930693069, 0.4, 0.55, 0.38, 0.3, 0.35, 0.25, 0.41, 0.22, 0.5148514851485149, 0.31, 0.28, 0.29, 0.21, 0.2871287128712871, 0.3587174348697395, 0.434, 0.236, 0.27054108216432865, 0.452, 0.44488977955911824, 0.394, 0.3527054108216433, 0.37074148296593185, 0.28, 0.3587174348697395, 0.20841683366733466, 0.26452905811623245, 0.20841683366733466, 0.224, 0.336, 0.23847695390781562, 0.256]
