Total side score = 1765
Average side score = 3.01194539249
Side score breakdown = [2, 4, 1, 4, 4, 1, 3, 1, 3, 2, 4, 3, 3, 1, 1, 4, 4, 4, 4, 4, 4, 1, 3, 3, 2, 3, 2, 2, 2, 4, 4, 4, 4, 3, 4, 3, 4, 4, 2, 4, 3, 2, 3, 4, 4, 3, 3, 4, 3, 2, 4, 4, 1, 2, 1, 4, 3, 4, 4, 4, 3, 4, 4, 4, 3, 3, 2, 3, 2, 1, 4, 4, 4, 4, 4, 4, 4, 3, 3, 4, 3, 4, 2, 2, 2, 4, 4, 2, 3, 2, 2, 2, 3, 4, 3, 3, 3, 4, 3, 4, 4, 4, 4, 4, 4, 4, 3, 3, 2, 2, 1, 4, 4, 4, 4, 4, 4, 1, 4, 2, 3, 3, 1, 3, 1, 3, 4, 4, 3, 3, 2, 3, 4, 2, 3, 4, 2, 3, 2, 2, 4, 4, 4, 4, 4, 3, 2, 1, 2, 4, 4, 3, 1, 2, 1, 4, 4, 4, 3, 2, 4, 1, 3, 4, 1, 3, 3, 3, 3, 4, 4, 1, 2, 3, 1, 3, 3, 2, 2, 3, 1, 4, 2, 4, 3, 4, 4, 4, 3, 3, 3, 2, 3, 3, 1, 3, 4, 4, 4, 4, 4, 4, 4, 3, 3, 2, 1, 2, 1, 2, 3, 2, 4, 1, 4, 2, 4, 2, 2, 3, 2, 2, 3, 3, 2, 4, 4, 1, 4, 1, 4, 1, 3, 4, 1, 4, 3, 3, 4, 4, 4, 3, 4, 3, 4, 1, 3, 2, 3, 3, 2, 4, 3, 4, 4, 3, 1, 3, 3, 3, 3, 2, 3, 2, 1, 4, 3, 4, 4, 1, 4, 4, 4, 2, 3, 3, 1, 3, 2, 1, 3, 4, 4, 4, 4, 4, 4, 3, 3, 3, 1, 4, 1, 3, 2, 4, 1, 4, 4, 4, 2, 2, 3, 3, 4, 3, 4, 3, 1, 4, 4, 4, 4, 3, 4, 2, 3, 3, 1, 3, 2, 2, 2, 4, 4, 4, 4, 4, 3, 3, 3, 2, 1, 3, 1, 2, 2, 4, 4, 2, 4, 4, 4, 2, 2, 4, 3, 3, 3, 3, 4, 4, 4, 4, 4, 3, 4, 2, 3, 3, 4, 3, 4, 1, 3, 4, 2, 4, 4, 4, 4, 2, 4, 2, 2, 3, 2, 4, 2, 3, 4, 4, 3, 4, 4, 1, 3, 3, 3, 2, 2, 1, 1, 4, 4, 2, 4, 1, 3, 1, 3, 4, 3, 3, 3, 3, 3, 4, 4, 4, 4, 4, 4, 4, 3, 3, 2, 2, 3, 4, 4, 4, 4, 4, 4, 2, 3, 3, 4, 3, 2, 3, 2, 4, 4, 4, 2, 3, 4, 3, 4, 2, 2, 3, 3, 1, 3, 4, 4, 4, 4, 1, 4, 4, 4, 2, 3, 3, 3, 2, 3, 3, 4, 3, 2, 3, 2, 2, 4, 2, 4, 2, 3, 2, 2, 4, 4, 3, 4, 2, 3, 4, 3, 3, 1, 4, 1, 1, 4, 4, 4, 4, 4, 4, 4, 1, 4, 3, 3, 4, 2, 1, 4, 4, 2, 3, 4, 2, 3, 2, 3, 2, 2, 3, 3, 2, 4, 4, 4, 4, 4, 3, 4, 1, 4, 3, 2, 4, 2, 2, 2, 4, 4, 2, 3, 4, 4, 3, 3, 4, 1, 3, 2, 4, 4, 2, 4, 2, 4, 1, 4, 3, 1, 3, 3, 3, 3, 2, 4, 4, 4, 4, 4, 4, 4, 4, 3, 2, 3, 3, 2, 4, 1, 3, 4, 4, 4, 4, 4, 1, 3, 2, 4, 4, 2, 3]

Total across score = 1860
Average across score = 2.77611940299
Across score breakdown = [4, 4, 4, 3, 4, 4, 2, 4, 3, 3, 4, 1, 3, 1, 3, 3, 3, 4, 4, 4, 4, 2, 4, 4, 3, 2, 4, 4, 4, 3, 1, 1, 4, 3, 4, 4, 4, 4, 4, 1, 3, 3, 1, 3, 4, 2, 1, 2, 4, 1, 2, 1, 4, 2, 1, 2, 3, 2, 4, 3, 4, 4, 1, 3, 4, 4, 4, 1, 4, 4, 1, 3, 2, 4, 1, 3, 1, 2, 2, 3, 4, 3, 4, 1, 4, 4, 4, 3, 4, 3, 4, 4, 4, 2, 2, 4, 3, 4, 3, 2, 4, 3, 4, 3, 2, 3, 3, 2, 4, 3, 4, 1, 4, 3, 4, 4, 4, 4, 4, 4, 4, 2, 4, 3, 4, 1, 3, 2, 4, 3, 2, 4, 4, 4, 4, 1, 2, 3, 1, 1, 1, 4, 1, 3, 4, 2, 4, 4, 2, 4, 4, 4, 1, 1, 1, 3, 1, 1, 2, 1, 4, 2, 4, 2, 4, 4, 4, 1, 3, 2, 1, 1, 2, 1, 4, 2, 4, 3, 4, 4, 4, 4, 1, 1, 3, 4, 1, 1, 2, 2, 2, 4, 4, 2, 4, 3, 2, 3, 2, 3, 4, 4, 1, 3, 4, 3, 2, 1, 4, 4, 4, 3, 4, 2, 3, 1, 2, 3, 2, 1, 4, 3, 3, 3, 3, 4, 3, 2, 4, 4, 4, 3, 2, 2, 3, 4, 4, 1, 1, 2, 4, 4, 4, 3, 4, 3, 2, 4, 3, 3, 4, 2, 2, 2, 3, 3, 4, 4, 4, 1, 3, 1, 4, 4, 2, 2, 2, 1, 1, 2, 1, 3, 3, 4, 1, 3, 4, 4, 1, 1, 3, 3, 1, 4, 1, 1, 3, 4, 4, 3, 4, 3, 2, 3, 3, 4, 3, 3, 3, 2, 1, 2, 4, 2, 4, 4, 4, 1, 4, 2, 4, 3, 2, 3, 3, 1, 2, 1, 4, 1, 4, 3, 2, 1, 4, 4, 1, 1, 3, 2, 1, 2, 1, 4, 3, 1, 2, 4, 4, 2, 4, 4, 4, 3, 3, 4, 4, 3, 4, 2, 3, 3, 4, 2, 4, 3, 3, 1, 4, 1, 3, 4, 1, 3, 2, 3, 3, 3, 3, 4, 4, 3, 3, 4, 2, 1, 2, 2, 3, 1, 3, 3, 1, 1, 3, 4, 4, 4, 4, 2, 4, 3, 1, 2, 3, 4, 4, 2, 1, 1, 4, 2, 4, 3, 1, 4, 1, 4, 2, 4, 2, 1, 2, 4, 4, 3, 4, 4, 4, 3, 4, 4, 1, 1, 3, 3, 1, 4, 2, 1, 2, 4, 3, 2, 4, 1, 4, 2, 4, 3, 3, 3, 2, 3, 4, 2, 3, 1, 4, 4, 2, 1, 4, 4, 3, 1, 2, 4, 4, 3, 1, 2, 1, 2, 3, 4, 4, 1, 4, 4, 4, 3, 2, 3, 1, 1, 1, 4, 4, 3, 4, 3, 3, 2, 2, 4, 1, 4, 3, 3, 3, 3, 3, 2, 4, 4, 2, 2, 4, 3, 4, 4, 2, 2, 1, 1, 4, 3, 1, 1, 4, 4, 1, 1, 4, 4, 1, 4, 2, 3, 1, 1, 4, 1, 3, 4, 3, 3, 4, 4, 4, 2, 4, 2, 3, 3, 4, 2, 1, 2, 4, 2, 4, 2, 4, 2, 4, 4, 4, 3, 3, 4, 2, 2, 3, 3, 1, 2, 2, 4, 1, 4, 3, 4, 1, 1, 2, 3, 1, 1, 1, 1, 2, 4, 4, 4, 2, 2, 3, 3, 3, 3, 3, 2, 3, 4, 3, 1, 1, 1, 4, 3, 4, 4, 4, 4, 2, 4, 3, 2, 2, 3, 2, 3, 1, 1, 4, 4, 2, 4, 3, 4, 2, 1, 2, 2, 1, 1, 1, 4, 2, 4, 4, 4, 1, 4, 3, 3, 1, 4, 3, 4, 4, 2, 1, 3, 3, 2, 2, 2, 4, 2, 3, 2, 3, 3, 3, 3, 2, 2, 2, 2, 3, 4, 4, 2, 4, 3, 3, 4, 4, 1, 2, 3, 1, 2, 1, 2, 1, 1]

Side score avg percent = 0.296418873944
Across score avg percent = 0.284335274686
Side score percent breakdown = [0.15789473684210525, 0.42105263157894735, 0.10526315789473684, 0.2631578947368421, 0.2631578947368421, 0.1, 0.2631578947368421, 0.1, 0.2, 0.2, 0.3, 0.2631578947368421, 0.3, 0.10526315789473684, 0.17, 0.36633663366336633, 0.4158415841584158, 0.28, 0.37623762376237624, 0.3564356435643564, 0.39603960396039606, 0.13, 0.36, 0.25, 0.19801980198019803, 0.27, 0.22772277227722773, 0.25742574257425743, 0.22645290581162325, 0.362, 0.38877755511022044, 0.4849699398797595, 0.3847695390781563, 0.26452905811623245, 0.4909819639278557, 0.27054108216432865, 0.37074148296593185, 0.282, 0.24448897795591182, 0.342, 0.2785571142284569, 0.22645290581162325, 0.3157894736842105, 0.3, 0.3, 0.2631578947368421, 0.25, 0.3, 0.2631578947368421, 0.21052631578947367, 0.3157894736842105, 0.42105263157894735, 0.15789473684210525, 0.2, 0.15, 0.3684210526315789, 0.25, 0.36633663366336633, 0.4, 0.39, 0.36, 0.41, 0.28, 0.42, 0.27, 0.23, 0.21782178217821782, 0.23, 0.22, 0.2079207920792079, 0.4088176352705411, 0.4308617234468938, 0.342, 0.4228456913827655, 0.408, 0.304, 0.503006012024048, 0.2785571142284569, 0.2865731462925852, 0.4168336673346693, 0.29458917835671344, 0.3226452905811623, 0.22645290581162325, 0.24248496993987975, 0.21052631578947367, 0.3, 0.42105263157894735, 0.2, 0.2631578947368421, 0.2, 0.2, 0.21052631578947367, 0.2631578947368421, 0.3157894736842105, 0.3157894736842105, 0.2631578947368421, 0.25, 0.3157894736842105, 0.297029702970297, 0.46534653465346537, 0.32, 0.33, 0.5544554455445545, 0.27, 0.44, 0.297029702970297, 0.2376237623762376, 0.2871287128712871, 0.24, 0.2376237623762376, 0.17, 0.36633663366336633, 0.334, 0.37074148296593185, 0.44889779559118237, 0.5090180360721442, 0.402, 0.208, 0.5651302605210421, 0.22244488977955912, 0.302, 0.2865731462925852, 0.15831663326653306, 0.2745490981963928, 0.202, 0.250501002004008, 0.3684210526315789, 0.4, 0.35, 0.21052631578947367, 0.2, 0.25, 0.3684210526315789, 0.21052631578947367, 0.25, 0.3684210526315789, 0.21052631578947367, 0.3, 0.2, 0.21052631578947367, 0.39603960396039606, 0.3465346534653465, 0.42, 0.45, 0.36633663366336633, 0.36633663366336633, 0.26, 0.22, 0.22, 0.32673267326732675, 0.297029702970297, 0.22, 0.17, 0.24, 0.204, 0.398, 0.40080160320641284, 0.438, 0.2665330661322645, 0.198, 0.48697394789579157, 0.198, 0.24248496993987975, 0.312625250501002, 0.22444889779559118, 0.2925851703406814, 0.33266533066132264, 0.25851703406813625, 0.2631578947368421, 0.2631578947368421, 0.3684210526315789, 0.10526315789473684, 0.2631578947368421, 0.25, 0.2, 0.2631578947368421, 0.25, 0.21052631578947367, 0.2, 0.25, 0.15, 0.3157894736842105, 0.21, 0.43564356435643564, 0.27722772277227725, 0.39, 0.33663366336633666, 0.40594059405940597, 0.29, 0.27, 0.297029702970297, 0.19, 0.24752475247524752, 0.31, 0.1782178217821782, 0.28, 0.4168336673346693, 0.346, 0.44889779559118237, 0.4028056112224449, 0.3046092184368738, 0.328, 0.4, 0.29458917835671344, 0.27054108216432865, 0.24649298597194388, 0.184, 0.24048096192384769, 0.19, 0.242, 0.3157894736842105, 0.21052631578947367, 0.47368421052631576, 0.15789473684210525, 0.4, 0.25, 0.3684210526315789, 0.21052631578947367, 0.2631578947368421, 0.2631578947368421, 0.15, 0.2631578947368421, 0.3, 0.25, 0.22, 0.51, 0.45544554455445546, 0.13861386138613863, 0.43, 0.21, 0.6, 0.14, 0.2376237623762376, 0.32, 0.21782178217821782, 0.36, 0.26732673267326734, 0.2871287128712871, 0.38877755511022044, 0.4248496993987976, 0.414, 0.374, 0.32665330661322645, 0.2965931863727455, 0.4849699398797595, 0.166, 0.250501002004008, 0.24048096192384769, 0.28857715430861725, 0.274, 0.21042084168336672, 0.4348697394789579, 0.2631578947368421, 0.42105263157894735, 0.3684210526315789, 0.25, 0.2, 0.25, 0.2631578947368421, 0.2631578947368421, 0.2631578947368421, 0.21052631578947367, 0.25, 0.2, 0.2, 0.2631578947368421, 0.3, 0.41, 0.42574257425742573, 0.21782178217821782, 0.504950495049505, 0.49504950495049505, 0.31, 0.22772277227722773, 0.28, 0.23, 0.19, 0.25, 0.22, 0.16831683168316833, 0.280561122244489, 0.4148296593186373, 0.484, 0.3627254509018036, 0.4028056112224449, 0.3667334669338677, 0.45090180360721444, 0.2725450901803607, 0.296, 0.3466933867735471, 0.22044088176352705, 0.2965931863727455, 0.19839679358717435, 0.26452905811623245, 0.21052631578947367, 0.47368421052631576, 0.15, 0.42105263157894735, 0.3, 0.3157894736842105, 0.15789473684210525, 0.21052631578947367, 0.2631578947368421, 0.2631578947368421, 0.35, 0.2, 0.3157894736842105, 0.21052631578947367, 0.22772277227722773, 0.5148514851485149, 0.36, 0.26732673267326734, 0.34, 0.31683168316831684, 0.27722772277227725, 0.22, 0.28, 0.27722772277227725, 0.16831683168316833, 0.34, 0.2, 0.23, 0.23647294589178355, 0.3927855711422846, 0.4909819639278557, 0.472, 0.3226452905811623, 0.382, 0.33867735470941884, 0.27655310621242485, 0.28256513026052105, 0.262, 0.178, 0.3066132264529058, 0.196, 0.248, 0.2631578947368421, 0.3, 0.2631578947368421, 0.21052631578947367, 0.47368421052631576, 0.3, 0.42105263157894735, 0.2631578947368421, 0.21052631578947367, 0.3684210526315789, 0.3, 0.2631578947368421, 0.3, 0.2631578947368421, 0.2871287128712871, 0.42, 0.35, 0.43, 0.38, 0.25, 0.31, 0.2376237623762376, 0.2376237623762376, 0.27, 0.27, 0.27, 0.34, 0.21, 0.2925851703406814, 0.4148296593186373, 0.23, 0.39, 0.36, 0.346, 0.5951903807615231, 0.23446893787575152, 0.354, 0.25250501002004005, 0.234, 0.2685370741482966, 0.224, 0.3066132264529058, 0.15789473684210525, 0.2631578947368421, 0.3, 0.3684210526315789, 0.3, 0.3684210526315789, 0.3157894736842105, 0.21052631578947367, 0.3157894736842105, 0.2631578947368421, 0.25, 0.21052631578947367, 0.15789473684210525, 0.10526315789473684, 0.21, 0.3465346534653465, 0.43, 0.22772277227722773, 0.37, 0.19, 0.2871287128712871, 0.14, 0.2079207920792079, 0.28, 0.27722772277227725, 0.297029702970297, 0.297029702970297, 0.2871287128712871, 0.2925851703406814, 0.4088176352705411, 0.43286573146292584, 0.3927855711422846, 0.374749498997996, 0.334, 0.38276553106212424, 0.36072144288577157, 0.2865731462925852, 0.2845691382765531, 0.20841683366733466, 0.24248496993987975, 0.2631578947368421, 0.2631578947368421, 0.42105263157894735, 0.3157894736842105, 0.3684210526315789, 0.35, 0.3684210526315789, 0.15789473684210525, 0.25, 0.2631578947368421, 0.45, 0.2631578947368421, 0.2, 0.2631578947368421, 0.18, 0.39603960396039606, 0.39, 0.35, 0.27, 0.32, 0.2871287128712871, 0.27, 0.33663366336633666, 0.24, 0.21, 0.3, 0.2871287128712871, 0.18, 0.26452905811623245, 0.44889779559118237, 0.41282565130260523, 0.44, 0.426, 0.2124248496993988, 0.412, 0.344, 0.3366733466933868, 0.2565130260521042, 0.248, 0.308, 0.2565130260521042, 0.232, 0.2631578947368421, 0.25, 0.3684210526315789, 0.2631578947368421, 0.21052631578947367, 0.3, 0.25, 0.2631578947368421, 0.3, 0.21052631578947367, 0.3157894736842105, 0.21052631578947367, 0.2, 0.21052631578947367, 0.22772277227722773, 0.39, 0.37, 0.24752475247524752, 0.31683168316831684, 0.21, 0.27, 0.28, 0.26, 0.297029702970297, 0.1485148514851485, 0.35, 0.16, 0.2, 0.3667334669338677, 0.456, 0.42685370741482964, 0.38877755511022044, 0.3186372745490982, 0.3787575150300601, 0.46292585170340683, 0.22044088176352705, 0.322, 0.2845691382765531, 0.24048096192384769, 0.33, 0.242, 0.22645290581162325, 0.35, 0.2631578947368421, 0.21052631578947367, 0.25, 0.4, 0.2, 0.2631578947368421, 0.21052631578947367, 0.2631578947368421, 0.21052631578947367, 0.2, 0.3157894736842105, 0.25, 0.2, 0.26732673267326734, 0.45, 0.71, 0.49504950495049505, 0.36, 0.27, 0.28, 0.1782178217821782, 0.297029702970297, 0.33, 0.22772277227722773, 0.31, 0.17, 0.25, 0.23446893787575152, 0.386, 0.48697394789579157, 0.2685370741482966, 0.25851703406813625, 0.318, 0.35070140280561124, 0.30861723446893785, 0.32064128256513025, 0.32064128256513025, 0.198, 0.276, 0.20641282565130262, 0.31462925851703405, 0.3684210526315789, 0.2, 0.3684210526315789, 0.21052631578947367, 0.3157894736842105, 0.15, 0.3684210526315789, 0.3, 0.2, 0.2631578947368421, 0.2631578947368421, 0.3157894736842105, 0.3, 0.21052631578947367, 0.3069306930693069, 0.47, 0.3465346534653465, 0.49504950495049505, 0.38, 0.3, 0.35, 0.3, 0.25, 0.22, 0.26, 0.29, 0.21, 0.2871287128712871, 0.21042084168336672, 0.322, 0.45090180360721444, 0.5090180360721442, 0.394, 0.3527054108216433, 0.37074148296593185, 0.1743486973947896, 0.236, 0.23246492985971945, 0.3406813627254509, 0.336, 0.23847695390781562, 0.256]
Across score percent breakdown = [0.42105263157894735, 0.47368421052631576, 0.47368421052631576, 0.2631578947368421, 0.5263157894736842, 0.3157894736842105, 0.21052631578947367, 0.3684210526315789, 0.2631578947368421, 0.2631578947368421, 0.3157894736842105, 0.15789473684210525, 0.25, 0.15789473684210525, 0.3157894736842105, 0.21052631578947367, 0.31, 0.34, 0.43, 0.38613861386138615, 0.38, 0.22, 0.5, 0.46, 0.31, 0.2, 0.26, 0.34, 0.48514851485148514, 0.3, 0.21, 0.22, 0.3967935871743487, 0.334, 0.376, 0.4, 0.37675350701402804, 0.5791583166332666, 0.43286573146292584, 0.20440881763527055, 0.2965931863727455, 0.312, 0.17635270541082165, 0.3066132264529058, 0.314, 0.24649298597194388, 0.18236472945891782, 0.24448897795591182, 0.55, 0.15789473684210525, 0.21052631578947367, 0.15, 0.35, 0.15789473684210525, 0.15789473684210525, 0.15789473684210525, 0.2631578947368421, 0.21052631578947367, 0.3684210526315789, 0.2, 0.3157894736842105, 0.3157894736842105, 0.15789473684210525, 0.25, 0.45544554455445546, 0.6039603960396039, 0.297029702970297, 0.14, 0.43, 0.29, 0.2, 0.27722772277227725, 0.23, 0.48, 0.16831683168316833, 0.26732673267326734, 0.21, 0.22, 0.21782178217821782, 0.28, 0.4248496993987976, 0.3527054108216433, 0.312, 0.1963927855711423, 0.3807615230460922, 0.5210420841683366, 0.2785571142284569, 0.24048096192384769, 0.3306613226452906, 0.31, 0.3727454909819639, 0.334, 0.368, 0.224, 0.25250501002004005, 0.3366733466933868, 0.3157894736842105, 0.3157894736842105, 0.3157894736842105, 0.2, 0.42105263157894735, 0.2, 0.35, 0.2631578947368421, 0.2631578947368421, 0.2, 0.25, 0.2, 0.3157894736842105, 0.25, 0.35, 0.10526315789473684, 0.40594059405940597, 0.3069306930693069, 0.33, 0.297029702970297, 0.37, 0.29, 0.3, 0.51, 0.3564356435643564, 0.2079207920792079, 0.29, 0.28, 0.27, 0.21, 0.26, 0.24, 0.39, 0.326, 0.2124248496993988, 0.306, 0.46693386773547096, 0.49298597194388777, 0.312625250501002, 0.20440881763527055, 0.236, 0.306, 0.158, 0.198, 0.20440881763527055, 0.30861723446893785, 0.20440881763527055, 0.2925851703406814, 0.3684210526315789, 0.2, 0.2631578947368421, 0.3157894736842105, 0.15, 0.4, 0.2631578947368421, 0.35, 0.21052631578947367, 0.10526315789473684, 0.15789473684210525, 0.25, 0.1, 0.15789473684210525, 0.15789473684210525, 0.15789473684210525, 0.5148514851485149, 0.26, 0.33, 0.23, 0.48, 0.31, 0.3564356435643564, 0.17, 0.24752475247524752, 0.18, 0.22, 0.21, 0.22772277227722773, 0.18, 0.26732673267326734, 0.2079207920792079, 0.442, 0.3406813627254509, 0.3486973947895792, 0.286, 0.46893787575150303, 0.3967935871743487, 0.20240480961923848, 0.19, 0.2605210420841683, 0.3246492985971944, 0.206, 0.21643286573146292, 0.24649298597194388, 0.25851703406813625, 0.2, 0.32665330661322645, 0.47368421052631576, 0.2631578947368421, 0.42105263157894735, 0.2631578947368421, 0.2, 0.3, 0.2, 0.2631578947368421, 0.42105263157894735, 0.47368421052631576, 0.15789473684210525, 0.25, 0.3684210526315789, 0.2631578947368421, 0.21052631578947367, 0.10526315789473684, 0.41, 0.38, 0.32673267326732675, 0.24752475247524752, 0.36, 0.25, 0.35, 0.15841584158415842, 0.24752475247524752, 0.26, 0.22, 0.21, 0.3069306930693069, 0.26, 0.29, 0.26, 0.3406813627254509, 0.3847695390781563, 0.24448897795591182, 0.23647294589178355, 0.3807615230460922, 0.503006012024048, 0.374, 0.25250501002004005, 0.22645290581162325, 0.22244488977955912, 0.218436873747495, 0.27655310621242485, 0.3286573146292585, 0.20040080160320642, 0.1963927855711423, 0.22244488977955912, 0.3157894736842105, 0.4, 0.2631578947368421, 0.25, 0.42105263157894735, 0.2631578947368421, 0.21052631578947367, 0.3684210526315789, 0.2631578947368421, 0.2631578947368421, 0.25, 0.21052631578947367, 0.21052631578947367, 0.15, 0.3684210526315789, 0.2631578947368421, 0.36, 0.41, 0.33, 0.18811881188118812, 0.31, 0.2, 0.41, 0.46, 0.24, 0.2079207920792079, 0.1782178217821782, 0.15, 0.19801980198019803, 0.23, 0.18, 0.24, 0.296, 0.37, 0.198, 0.24248496993987975, 0.5571142284569138, 0.432, 0.156312625250501, 0.19839679358717435, 0.302, 0.318, 0.198, 0.2865731462925852, 0.18236472945891782, 0.21042084168336672, 0.2905811623246493, 0.3466933867735471, 0.3157894736842105, 0.3157894736842105, 0.5, 0.3, 0.2, 0.3157894736842105, 0.25, 0.42105263157894735, 0.2631578947368421, 0.3157894736842105, 0.2631578947368421, 0.21052631578947367, 0.15, 0.21052631578947367, 0.3157894736842105, 0.15789473684210525, 0.44, 0.33663366336633666, 0.3, 0.18811881188118812, 0.44, 0.23, 0.28, 0.26, 0.24752475247524752, 0.26, 0.27, 0.10891089108910891, 0.24, 0.18811881188118812, 0.2871287128712871, 0.18, 0.35671342685370744, 0.322, 0.24048096192384769, 0.1683366733466934, 0.37074148296593185, 0.5270541082164328, 0.1462925851703407, 0.1843687374749499, 0.2685370741482966, 0.2745490981963928, 0.17234468937875752, 0.23647294589178355, 0.20641282565130262, 0.264, 0.2545090180360721, 0.22044088176352705, 0.2631578947368421, 0.47368421052631576, 0.3, 0.25, 0.42105263157894735, 0.3684210526315789, 0.55, 0.2631578947368421, 0.3684210526315789, 0.2631578947368421, 0.3157894736842105, 0.2631578947368421, 0.2631578947368421, 0.21052631578947367, 0.25, 0.3157894736842105, 0.45, 0.27, 0.38, 0.24752475247524752, 0.297029702970297, 0.19801980198019803, 0.5247524752475248, 0.22, 0.3, 0.34, 0.17, 0.27, 0.21782178217821782, 0.25742574257425743, 0.25, 0.32, 0.3687374749498998, 0.39879759519038077, 0.3246492985971944, 0.32665330661322645, 0.324, 0.43887775551102204, 0.24649298597194388, 0.194, 0.25, 0.25250501002004005, 0.264, 0.194, 0.252, 0.2625250501002004, 0.21442885771543085, 0.182, 0.3, 0.35, 0.3157894736842105, 0.45, 0.3, 0.25, 0.3684210526315789, 0.2631578947368421, 0.15789473684210525, 0.25, 0.2631578947368421, 0.3157894736842105, 0.35, 0.21052631578947367, 0.15, 0.15789473684210525, 0.49504950495049505, 0.28, 0.29, 0.25, 0.19, 0.3564356435643564, 0.1485148514851485, 0.34, 0.26, 0.39603960396039606, 0.23, 0.2, 0.2376237623762376, 0.37623762376237624, 0.29, 0.28, 0.424, 0.404, 0.3466933867735471, 0.266, 0.508, 0.5571142284569138, 0.1743486973947896, 0.216, 0.29, 0.280561122244489, 0.182, 0.302, 0.18036072144288579, 0.19839679358717435, 0.2124248496993988, 0.280561122244489, 0.3157894736842105, 0.15789473684210525, 0.3684210526315789, 0.15, 0.5, 0.21052631578947367, 0.4, 0.21052631578947367, 0.35, 0.2631578947368421, 0.21052631578947367, 0.2631578947368421, 0.42105263157894735, 0.21052631578947367, 0.3, 0.10526315789473684, 0.38613861386138615, 0.42, 0.25, 0.22, 0.43, 0.39, 0.3, 0.18, 0.25742574257425743, 0.36, 0.34, 0.26732673267326734, 0.18, 0.22, 0.19, 0.21, 0.3306613226452906, 0.4308617234468938, 0.35070140280561124, 0.198, 0.4468937875751503, 0.5230460921843687, 0.302, 0.23246492985971945, 0.21042084168336672, 0.3046092184368738, 0.202, 0.18637274549098196, 0.18236472945891782, 0.406, 0.3157894736842105, 0.21052631578947367, 0.35, 0.3157894736842105, 0.2631578947368421, 0.21052631578947367, 0.21052631578947367, 0.42105263157894735, 0.15789473684210525, 0.35, 0.3, 0.2631578947368421, 0.25, 0.21052631578947367, 0.2631578947368421, 0.21052631578947367, 0.32673267326732675, 0.4, 0.19, 0.22772277227722773, 0.34, 0.25, 0.29, 0.39, 0.28, 0.27, 0.2079207920792079, 0.15841584158415842, 0.29, 0.32, 0.22, 0.17, 0.3587174348697395, 0.346, 0.172, 0.218, 0.34468937875751504, 0.533066132264529, 0.1903807615230461, 0.42084168336673344, 0.22444889779559118, 0.28256513026052105, 0.1402805611222445, 0.1963927855711423, 0.264, 0.20641282565130262, 0.242, 0.2725450901803607, 0.3, 0.25, 0.3, 0.35, 0.2631578947368421, 0.15789473684210525, 0.3684210526315789, 0.2631578947368421, 0.3157894736842105, 0.21052631578947367, 0.4, 0.21052631578947367, 0.21052631578947367, 0.21052631578947367, 0.3157894736842105, 0.15789473684210525, 0.5346534653465347, 0.3, 0.39, 0.24, 0.37, 0.3, 0.42, 0.28, 0.29, 0.33, 0.22, 0.21, 0.25, 0.25, 0.15, 0.26, 0.266, 0.4188376753507014, 0.1963927855711423, 0.3026052104208417, 0.382, 0.726, 0.20240480961923848, 0.17234468937875752, 0.22845691382765532, 0.306, 0.17835671342685372, 0.204, 0.1963927855711423, 0.20240480961923848, 0.238, 0.2965931863727455, 0.3684210526315789, 0.3157894736842105, 0.2631578947368421, 0.21052631578947367, 0.2631578947368421, 0.3157894736842105, 0.25, 0.3157894736842105, 0.3, 0.21052631578947367, 0.25, 0.3157894736842105, 0.25, 0.10526315789473684, 0.1, 0.15789473684210525, 0.38613861386138615, 0.3564356435643564, 0.3465346534653465, 0.297029702970297, 0.32, 0.42, 0.25742574257425743, 0.45, 0.34, 0.18, 0.22772277227722773, 0.26, 0.24, 0.2376237623762376, 0.16831683168316833, 0.15, 0.484, 0.3366733466933868, 0.24048096192384769, 0.36, 0.34468937875751504, 0.5210420841683366, 0.21442885771543085, 0.1903807615230461, 0.2785571142284569, 0.27054108216432865, 0.19839679358717435, 0.18036072144288579, 0.20040080160320642, 0.33867735470941884, 0.22, 0.30060120240480964, 0.3684210526315789, 0.3157894736842105, 0.15, 0.4, 0.25, 0.2631578947368421, 0.15, 0.3684210526315789, 0.2631578947368421, 0.3684210526315789, 0.3157894736842105, 0.25, 0.15, 0.2631578947368421, 0.2631578947368421, 0.21052631578947367, 0.28, 0.24, 0.29, 0.22, 0.27722772277227725, 0.19, 0.25, 0.26, 0.3069306930693069, 0.26, 0.21, 0.23, 0.22, 0.25, 0.29, 0.33663366336633666, 0.37675350701402804, 0.29, 0.412, 0.242, 0.3406813627254509, 0.49899799599198397, 0.292, 0.20040080160320642, 0.262, 0.2965931863727455, 0.17635270541082165, 0.216, 0.1743486973947896, 0.20040080160320642, 0.17635270541082165, 0.184]
