Total side score = 499
Average side score = 2.80337078652
Side score breakdown = [4, 4, 3, 3, 2, 3, 3, 4, 3, 4, 2, 4, 1, 2, 2, 4, 2, 3, 2, 3, 4, 4, 4, 1, 4, 3, 2, 2, 1, 3, 3, 3, 4, 4, 4, 4, 3, 4, 3, 4, 4, 2, 3, 2, 3, 2, 1, 1, 2, 3, 2, 2, 1, 4, 2, 4, 3, 3, 4, 2, 4, 1, 3, 3, 4, 2, 4, 2, 3, 2, 3, 3, 4, 1, 2, 2, 4, 2, 1, 3, 2, 4, 3, 3, 4, 2, 4, 4, 2, 4, 3, 3, 3, 2, 1, 4, 4, 3, 4, 2, 3, 4, 4, 2, 2, 3, 2, 3, 4, 4, 4, 4, 4, 1, 2, 2, 1, 2, 4, 3, 4, 4, 4, 3, 3, 1, 1, 3, 2, 4, 1, 3, 4, 4, 4, 4, 1, 2, 2, 3, 2, 2, 3, 1, 4, 2, 4, 4, 4, 4, 3, 1, 3, 3, 1, 1, 3, 3, 3, 2, 1, 3, 1, 1, 2, 3, 2, 4, 2, 1, 2, 4, 4, 2, 3, 4, 2, 4]

Total across score = 549
Average across score = 2.90476190476
Across score breakdown = [3, 3, 2, 4, 3, 4, 2, 1, 3, 2, 3, 3, 4, 3, 3, 3, 3, 4, 3, 4, 4, 2, 3, 4, 3, 2, 3, 2, 4, 2, 3, 3, 4, 3, 3, 2, 3, 2, 4, 4, 2, 4, 3, 4, 1, 3, 3, 1, 4, 4, 3, 4, 2, 2, 2, 2, 3, 2, 2, 2, 4, 3, 4, 4, 4, 3, 2, 3, 3, 2, 1, 3, 3, 1, 4, 1, 3, 4, 3, 3, 1, 4, 2, 1, 1, 2, 1, 3, 3, 1, 3, 4, 3, 4, 4, 4, 4, 4, 4, 3, 3, 3, 1, 3, 4, 2, 2, 4, 3, 2, 2, 2, 4, 2, 2, 1, 4, 3, 4, 2, 4, 4, 4, 3, 3, 4, 4, 2, 3, 2, 4, 3, 3, 4, 4, 4, 4, 3, 4, 2, 3, 4, 4, 4, 4, 1, 2, 2, 2, 3, 1, 1, 4, 3, 4, 3, 4, 4, 4, 4, 3, 3, 1, 1, 3, 1, 4, 4, 3, 4, 4, 2, 2, 4, 2, 1, 2, 3, 2, 4, 2, 3, 3, 4, 4, 2, 4, 2, 3]

Side score avg percent = 0.265133927679
Across score avg percent = 0.272882664588
Side score percent breakdown = [0.2727272727272727, 0.2608695652173913, 0.25, 0.25, 0.29069767441860467, 0.2727272727272727, 0.36904761904761907, 0.28, 0.30337078651685395, 0.4537037037037037, 0.26804123711340205, 0.30434782608695654, 0.13043478260869565, 0.14285714285714285, 0.15789473684210525, 0.24, 0.13636363636363635, 0.2727272727272727, 0.19047619047619047, 0.22727272727272727, 0.34710743801652894, 0.3364485981308411, 0.3372093023255814, 0.24390243902439024, 0.28865979381443296, 0.29896907216494845, 0.24175824175824176, 0.21782178217821782, 0.20192307692307693, 0.2, 0.21739130434782608, 0.23809523809523808, 0.38738738738738737, 0.2647058823529412, 0.37662337662337664, 0.38095238095238093, 0.23809523809523808, 0.30434782608695654, 0.24, 0.4659090909090909, 0.47058823529411764, 0.2222222222222222, 0.26373626373626374, 0.24074074074074073, 0.25510204081632654, 0.26136363636363635, 0.1935483870967742, 0.20481927710843373, 0.24, 0.25, 0.20833333333333334, 0.17391304347826086, 0.2222222222222222, 0.3, 0.21428571428571427, 0.4044943820224719, 0.35, 0.24324324324324326, 0.2857142857142857, 0.2631578947368421, 0.32978723404255317, 0.23684210526315788, 0.27722772277227725, 0.2777777777777778, 0.2692307692307692, 0.22727272727272727, 0.2916666666666667, 0.18181818181818182, 0.17857142857142858, 0.17647058823529413, 0.20833333333333334, 0.2980769230769231, 0.38317757009345793, 0.3230769230769231, 0.2826086956521739, 0.21, 0.3111111111111111, 0.24468085106382978, 0.19148936170212766, 0.27358490566037735, 0.14285714285714285, 0.2608695652173913, 0.24, 0.24, 0.2857142857142857, 0.18181818181818182, 0.21428571428571427, 0.39622641509433965, 0.3382352941176471, 0.2857142857142857, 0.2978723404255319, 0.2839506172839506, 0.2871287128712871, 0.24242424242424243, 0.20481927710843373, 0.23076923076923078, 0.25, 0.25, 0.24, 0.2, 0.19047619047619047, 0.3879310344827586, 0.4491525423728814, 0.23863636363636365, 0.2804878048780488, 0.2988505747126437, 0.24210526315789474, 0.21428571428571427, 0.2916666666666667, 0.25925925925925924, 0.3, 0.32, 0.2916666666666667, 0.2, 0.2808988764044944, 0.23, 0.22105263157894736, 0.19047619047619047, 0.2727272727272727, 0.21739130434782608, 0.5119047619047619, 0.4444444444444444, 0.37719298245614036, 0.24786324786324787, 0.3157894736842105, 0.21686746987951808, 0.1958762886597938, 0.3118279569892473, 0.17391304347826086, 0.30434782608695654, 0.125, 0.21739130434782608, 0.3711340206185567, 0.46987951807228917, 0.3372093023255814, 0.26605504587155965, 0.22448979591836735, 0.18181818181818182, 0.21739130434782608, 0.23076923076923078, 0.22727272727272727, 0.11538461538461539, 0.23076923076923078, 0.23529411764705882, 0.1935483870967742, 0.20754716981132076, 0.38235294117647056, 0.3333333333333333, 0.3488372093023256, 0.3684210526315789, 0.27, 0.1415929203539823, 0.2608695652173913, 0.2604166666666667, 0.1839080459770115, 0.2247191011235955, 0.22727272727272727, 0.2727272727272727, 0.3, 0.2765957446808511, 0.16483516483516483, 0.28125, 0.20454545454545456, 0.18681318681318682, 0.25, 0.2608695652173913, 0.14285714285714285, 0.3333333333333333, 0.10526315789473684, 0.15, 0.17391304347826086, 0.3673469387755102, 0.5128205128205128, 0.3111111111111111, 0.3263157894736842, 0.2980769230769231, 0.25, 0.2815533980582524]
Across score percent breakdown = [0.2727272727272727, 0.24, 0.23809523809523808, 0.2, 0.2222222222222222, 0.2857142857142857, 0.24175824175824176, 0.17307692307692307, 0.26595744680851063, 0.20202020202020202, 0.25, 0.30434782608695654, 0.25, 0.20833333333333334, 0.22727272727272727, 0.18181818181818182, 0.28, 0.32, 0.40625, 0.4166666666666667, 0.3508771929824561, 0.3023255813953488, 0.24561403508771928, 0.30392156862745096, 0.3026315789473684, 0.25, 0.24, 0.23529411764705882, 0.34782608695652173, 0.17391304347826086, 0.4074074074074074, 0.32926829268292684, 0.32989690721649484, 0.2840909090909091, 0.26666666666666666, 0.16494845360824742, 0.3020833333333333, 0.24489795918367346, 0.25, 0.25, 0.13636363636363635, 0.3333333333333333, 0.24242424242424243, 0.4077669902912621, 0.21978021978021978, 0.25, 0.2523364485981308, 0.24096385542168675, 0.34375, 0.2803738317757009, 0.2727272727272727, 0.3684210526315789, 0.2, 0.16, 0.18181818181818182, 0.30864197530864196, 0.2978723404255319, 0.2727272727272727, 0.22727272727272727, 0.2159090909090909, 0.3181818181818182, 0.2727272727272727, 0.2916666666666667, 0.36, 0.28, 0.21052631578947367, 0.22727272727272727, 0.2727272727272727, 0.33695652173913043, 0.27906976744186046, 0.15053763440860216, 0.2948717948717949, 0.2571428571428571, 0.1935483870967742, 0.3368421052631579, 0.23655913978494625, 0.19230769230769232, 0.3181818181818182, 0.25, 0.2, 0.15789473684210525, 0.4827586206896552, 0.2911392405063291, 0.20833333333333334, 0.22, 0.24468085106382978, 0.1590909090909091, 0.29591836734693877, 0.23469387755102042, 0.20212765957446807, 0.22727272727272727, 0.25925925925925924, 0.2727272727272727, 0.25806451612903225, 0.25925925925925924, 0.3707865168539326, 0.49557522123893805, 0.3854166666666667, 0.37894736842105264, 0.2857142857142857, 0.2653061224489796, 0.28865979381443296, 0.20481927710843373, 0.2857142857142857, 0.24, 0.2, 0.23529411764705882, 0.3333333333333333, 0.2857142857142857, 0.3333333333333333, 0.27884615384615385, 0.2079207920792079, 0.3465346534653465, 0.24719101123595505, 0.21978021978021978, 0.18947368421052632, 0.27358490566037735, 0.24770642201834864, 0.28, 0.2, 0.3181818181818182, 0.2857142857142857, 0.2413793103448276, 0.2608695652173913, 0.23809523809523808, 0.47959183673469385, 0.4444444444444444, 0.21904761904761905, 0.32941176470588235, 0.2625, 0.27450980392156865, 0.32558139534883723, 0.28, 0.2692307692307692, 0.3076923076923077, 0.2962962962962963, 0.2608695652173913, 0.21739130434782608, 0.2608695652173913, 0.17857142857142858, 0.23809523809523808, 0.391304347826087, 0.4358974358974359, 0.37037037037037035, 0.42857142857142855, 0.1568627450980392, 0.23529411764705882, 0.21875, 0.2, 0.21739130434782608, 0.15789473684210525, 0.13043478260869565, 0.28, 0.25, 0.35, 0.20833333333333334, 0.45454545454545453, 0.56, 0.2571428571428571, 0.4065934065934066, 0.25, 0.3488372093023256, 0.27631578947368424, 0.17525773195876287, 0.297029702970297, 0.18292682926829268, 0.30434782608695654, 0.2727272727272727, 0.28, 0.25925925925925924, 0.3684210526315789, 0.2826086956521739, 0.23863636363636365, 0.33636363636363636, 0.2608695652173913, 0.21686746987951808, 0.22549019607843138, 0.22727272727272727, 0.2, 0.25925925925925924, 0.25, 0.21739130434782608, 0.23809523809523808, 0.32967032967032966, 0.3465346534653465, 0.25555555555555554, 0.34951456310679613, 0.24175824175824176, 0.2736842105263158]
