Total side score = 810
Average side score = 2.94545454545
Side score breakdown = [2, 1, 1, 3, 2, 4, 4, 4, 4, 2, 4, 3, 3, 2, 3, 2, 3, 2, 2, 3, 3, 2, 3, 3, 4, 4, 2, 2, 3, 3, 3, 3, 3, 3, 1, 4, 3, 3, 4, 3, 4, 3, 3, 4, 4, 4, 3, 2, 3, 1, 3, 1, 4, 4, 2, 4, 2, 4, 4, 3, 3, 4, 4, 2, 3, 2, 3, 3, 3, 4, 2, 3, 2, 1, 2, 2, 3, 3, 2, 3, 2, 3, 2, 4, 3, 3, 2, 3, 4, 2, 3, 4, 4, 3, 4, 4, 4, 4, 4, 4, 3, 2, 3, 4, 3, 3, 2, 3, 4, 3, 4, 4, 3, 2, 1, 3, 2, 3, 3, 4, 3, 3, 2, 3, 2, 4, 2, 2, 3, 2, 4, 2, 4, 4, 2, 2, 3, 2, 3, 2, 4, 3, 1, 3, 3, 4, 4, 4, 2, 4, 1, 3, 2, 3, 4, 4, 4, 3, 2, 2, 3, 2, 4, 3, 2, 2, 4, 2, 4, 4, 4, 3, 4, 2, 4, 3, 3, 2, 1, 3, 2, 2, 4, 4, 3, 3, 4, 2, 2, 4, 3, 4, 3, 4, 3, 3, 4, 4, 4, 3, 4, 3, 2, 4, 3, 4, 3, 4, 3, 3, 3, 2, 4, 4, 3, 4, 4, 4, 3, 4, 2, 2, 4, 4, 3, 2, 3, 3, 2, 3, 3, 3, 2, 2, 4, 4, 2, 3, 2, 3, 4, 4, 2, 2, 2, 3, 2, 2, 3, 3, 3, 3, 3, 3, 3, 2, 3, 2, 2, 3, 3, 4, 3, 4, 4, 2, 2, 3, 2, 2, 3, 2, 2, 2, 2]

Total across score = 527
Average across score = 3.44444444444
Across score breakdown = [4, 4, 4, 2, 3, 3, 4, 4, 4, 4, 4, 4, 2, 2, 2, 4, 3, 3, 4, 4, 3, 4, 4, 4, 3, 4, 4, 4, 4, 4, 4, 3, 2, 3, 2, 3, 3, 4, 4, 4, 4, 4, 4, 4, 3, 4, 2, 3, 4, 4, 2, 3, 4, 4, 3, 4, 4, 3, 3, 4, 3, 4, 3, 2, 4, 3, 4, 4, 4, 4, 3, 2, 3, 4, 2, 4, 4, 4, 4, 4, 3, 4, 1, 2, 4, 3, 4, 4, 4, 4, 3, 3, 4, 4, 2, 4, 4, 4, 2, 4, 4, 3, 4, 3, 3, 4, 4, 4, 3, 4, 4, 4, 2, 4, 4, 4, 4, 4, 4, 3, 4, 3, 4, 2, 4, 4, 4, 2, 4, 3, 4, 4, 2, 2, 2, 4, 4, 4, 3, 4, 4, 4, 4, 4, 3, 2, 4, 3, 3, 3, 4, 1, 4]

Side score avg percent = 0.268248304919
Across score avg percent = 0.30889629386
Side score percent breakdown = [0.2631578947368421, 0.2, 0.16666666666666666, 0.3171355498721228, 0.2, 0.6666666666666666, 0.35714285714285715, 0.47058823529411764, 0.25, 0.23529411764705882, 0.25, 0.33410138248847926, 0.42105263157894735, 0.036036036036036036, 0.16666666666666666, 0.045871559633027525, 0.049586776859504134, 0.24536082474226803, 0.21052631578947367, 0.3125, 0.314070351758794, 0.03759398496240601, 0.29411764705882354, 0.2222222222222222, 0.3888888888888889, 0.3333333333333333, 0.30120481927710846, 0.029850746268656716, 0.05263157894736842, 0.3157894736842105, 0.2777777777777778, 0.35294117647058826, 0.14285714285714285, 0.3125, 0.2, 0.35294117647058826, 0.3, 0.3333333333333333, 1.0, 0.2631578947368421, 0.5301204819277109, 0.3157894736842105, 0.3157894736842105, 0.6, 0.47058823529411764, 0.41379310344827586, 0.2777777777777778, 0.0, 0.3, 0.4444444444444444, 0.35294117647058826, 0.16666666666666666, 0.3157894736842105, 0.3157894736842105, 0.15789473684210525, 0.35294117647058826, 0.2631578947368421, 0.35294117647058826, 0.4406779661016949, 0.3333333333333333, 0.3157894736842105, 0.32653061224489793, 0.35, 0.3037974683544304, 0.2631578947368421, 0.2222222222222222, 0.2777777777777778, 0.05084745762711865, 0.47368421052631576, 0.25, 0.3157894736842105, 0.25, 0.16666666666666666, 0.2631578947368421, 0.16666666666666666, 0.3333333333333333, 0.25, 0.030303030303030304, 0.32124352331606215, 0.0, 0.3769063180827887, 0.0, 0.3716475095785441, 0.31143552311435524, 0.06666666666666667, 0.2948717948717949, 0.25, 0.2842741935483871, 0.26666666666666666, 0.3375, 0.2647058823529412, 0.35324675324675325, 0.3333333333333333, 0.3333333333333333, 0.5, 0.4, 0.5, 0.3684210526315789, 0.35, 0.2531969309462916, 0.10204081632653061, 0.25742574257425743, 0.34375, 0.29411764705882354, 0.29411764705882354, 0.28421052631578947, 0.4090909090909091, 0.4117647058823529, 0.2777777777777778, 0.3333333333333333, 0.2413793103448276, 0.3068181818181818, 0.25, 0.16666666666666666, 0.39111111111111113, 0.21052631578947367, 0.2631578947368421, 0.25, 0.1794871794871795, 0.3, 0.3207070707070707, 0.29207920792079206, 0.0, 0.043859649122807015, 0.6, 0.23529411764705882, 0.1111111111111111, 0.2777777777777778, 0.25, 0.3601036269430052, 0.0, 0.3888888888888889, 0.36607142857142855, 0.21052631578947367, 0.2222222222222222, 0.3068181818181818, 0.15789473684210525, 0.3341772151898734, 0.2777777777777778, 0.3888888888888889, 0.047244094488188976, 0.01020408163265306, 0.2777777777777778, 0.26732673267326734, 0.35294117647058826, 0.47368421052631576, 0.4, 0.2631578947368421, 0.35732647814910024, 0.007407407407407408, 0.3333333333333333, 0.19047619047619047, 0.2815533980582524, 0.3386243386243386, 0.3125, 0.34177215189873417, 0.25, 0.22727272727272727, 0.02631578947368421, 0.2648401826484018, 0.2777777777777778, 0.07377049180327869, 0.2996742671009772, 0.25, 0.25, 0.3684210526315789, 0.1111111111111111, 0.38095238095238093, 0.048, 0.3888888888888889, 0.21739130434782608, 0.3874709976798144, 0.24248496993987975, 0.3409090909090909, 0.328125, 0.29411764705882354, 0.0, 0.11764705882352941, 0.13157894736842105, 0.24489795918367346, 0.26595744680851063, 0.35294117647058826, 0.3333333333333333, 0.2777777777777778, 0.29411764705882354, 0.4, 0.2, 0.2631578947368421, 0.3333333333333333, 0.0, 0.41836734693877553, 0.3333333333333333, 0.2, 0.3888888888888889, 0.22727272727272727, 0.4, 0.11475409836065574, 0.010416666666666666, 0.2864583333333333, 0.3882978723404255, 0.32673267326732675, 0.17647058823529413, 0.5714285714285714, 0.0392156862745098, 0.3239130434782609, 0.31724137931034485, 0.29411764705882354, 0.16666666666666666, 0.04310344827586207, 0.25203252032520324, 0.2222222222222222, 0.3684210526315789, 0.0603448275862069, 0.25, 0.12650602409638553, 0.2815533980582524, 0.16666666666666666, 0.36147186147186144, 0.3333333333333333, 0.21052631578947367, 0.2222222222222222, 0.16216216216216217, 0.48366013071895425, 0.2967032967032967, 0.25, 0.2727272727272727, 0.2857142857142857, 0.3231552162849873, 0.2777777777777778, 0.3333333333333333, 0.2857142857142857, 0.2777777777777778, 0.2222222222222222, 0.45, 0.05, 0.2169811320754717, 0.3308457711442786, 0.19047619047619047, 0.33532934131736525, 0.36363636363636365, 0.45, 0.2222222222222222, 0.3170731707317073, 0.023622047244094488, 0.3125, 0.030534351145038167, 0.18181818181818182, 0.3269230769230769, 0.4117647058823529, 0.11320754716981132, 0.3231292517006803, 0.09090909090909091, 0.2976190476190476, 0.2608695652173913, 0.0, 0.27450980392156865, 0.3246753246753247, 0.1111111111111111, 0.21052631578947367, 0.13333333333333333, 0.35, 0.16129032258064516, 0.3684210526315789, 0.4111111111111111, 0.1111111111111111, 0.25, 0.3157894736842105, 0.2631578947368421, 0.2, 0.3684210526315789, 0.25, 0.2, 0.16666666666666666, 0.2777777777777778]
Across score percent breakdown = [0.47368421052631576, 0.3333333333333333, 0.3805970149253731, 0.27848101265822783, 0.2727272727272727, 0.25, 0.35, 0.35294117647058826, 0.36363636363636365, 0.4, 0.3888888888888889, 0.47058823529411764, 0.2631578947368421, 0.2, 0.0, 0.3684210526315789, 0.23529411764705882, 0.2777777777777778, 0.35294117647058826, 0.35, 0.2777777777777778, 1.0, 0.3684210526315789, 0.29411764705882354, 0.3125, 0.3684210526315789, 0.3333333333333333, 0.35294117647058826, 0.2, 0.25, 0.4, 0.2222222222222222, 0.20588235294117646, 0.28888888888888886, 0.2, 0.3542713567839196, 0.3157894736842105, 0.3614457831325301, 0.47058823529411764, 0.3, 0.06557377049180328, 0.375, 0.35, 0.3888888888888889, 0.29411764705882354, 0.43333333333333335, 0.2631578947368421, 0.2631578947368421, 0.3157894736842105, 0.39828693790149894, 0.2727272727272727, 0.16216216216216217, 0.06722689075630252, 0.40350877192982454, 0.2777777777777778, 0.37850467289719625, 0.4117647058823529, 0.2830188679245283, 0.2653061224489796, 0.3837953091684435, 0.3402061855670103, 0.3333333333333333, 0.2777777777777778, 0.03305785123966942, 0.35, 0.3, 0.3888888888888889, 0.35, 0.3157894736842105, 0.36058700209643607, 0.2631578947368421, 0.0, 0.053763440860215055, 0.4117647058823529, 0.25, 0.4375, 0.375, 0.3888888888888889, 0.37767220902612825, 0.4, 0.25, 0.3157894736842105, 0.125, 0.2, 0.4, 0.17857142857142858, 0.42105263157894735, 0.1891891891891892, 0.4444444444444444, 0.42105263157894735, 0.2777777777777778, 0.2777777777777778, 0.3333333333333333, 0.16666666666666666, 0.23958333333333334, 0.39908256880733944, 0.4305555555555556, 0.3157894736842105, 0.0, 0.1793478260869565, 0.4, 0.35294117647058826, 0.3684210526315789, 0.26804123711340205, 0.2916666666666667, 0.3888888888888889, 0.4117647058823529, 0.35, 0.2631578947368421, 0.19672131147540983, 0.35294117647058826, 0.34, 0.20689655172413793, 0.1111111111111111, 0.3684210526315789, 0.37735849056603776, 0.5, 0.3496143958868895, 0.12698412698412698, 0.2777777777777778, 0.5, 0.16129032258064516, 0.3299492385786802, 0.2631578947368421, 0.41414141414141414, 0.4375, 0.16666666666666666, 0.21052631578947367, 0.38734177215189874, 0.041666666666666664, 0.3888888888888889, 0.3333333333333333, 0.3125, 0.0, 0.25609756097560976, 0.3333333333333333, 0.3888888888888889, 0.2692307692307692, 0.25, 0.35714285714285715, 0.375, 0.3855421686746988, 0.35, 0.40638297872340423, 0.26666666666666666, 0.3068181818181818, 0.3157894736842105, 0.3228346456692913, 0.29411764705882354, 0.2857142857142857, 0.3333333333333333, 0.2, 0.45]
