Total side score = 860
Average side score = 2.88590604027
Side score breakdown = [3, 2, 2, 2, 4, 4, 4, 2, 3, 2, 3, 3, 3, 3, 2, 4, 3, 3, 4, 4, 4, 2, 2, 1, 3, 1, 4, 3, 3, 2, 1, 1, 4, 3, 2, 2, 3, 4, 3, 4, 3, 4, 4, 3, 3, 4, 4, 3, 2, 2, 3, 1, 2, 3, 4, 2, 3, 4, 2, 3, 2, 3, 2, 3, 3, 3, 4, 3, 2, 4, 4, 4, 3, 4, 2, 4, 2, 4, 4, 3, 4, 2, 3, 3, 1, 1, 3, 3, 2, 2, 2, 4, 3, 4, 3, 4, 3, 1, 3, 3, 2, 2, 2, 3, 4, 2, 4, 3, 2, 2, 4, 4, 4, 3, 3, 2, 3, 3, 3, 2, 3, 4, 2, 4, 3, 3, 2, 3, 4, 2, 4, 2, 4, 2, 2, 3, 2, 4, 3, 2, 3, 2, 2, 3, 2, 3, 4, 4, 2, 2, 3, 4, 2, 4, 3, 4, 2, 2, 3, 2, 4, 4, 4, 2, 1, 2, 4, 3, 2, 2, 4, 2, 4, 2, 2, 3, 3, 3, 3, 2, 4, 4, 1, 3, 4, 3, 4, 3, 2, 1, 3, 3, 4, 2, 3, 2, 4, 2, 4, 2, 3, 4, 4, 4, 3, 3, 3, 2, 4, 3, 3, 3, 4, 3, 2, 3, 4, 4, 3, 3, 3, 3, 4, 3, 1, 2, 4, 4, 1, 4, 3, 2, 4, 4, 2, 3, 3, 3, 2, 2, 2, 2, 2, 2, 2, 3, 3, 2, 3, 3, 3, 3, 3, 2, 3, 2, 3, 2, 3, 4, 4, 4, 3, 4, 2, 3, 2, 2, 4, 4, 4, 3, 3, 2, 3, 2, 2, 4, 3, 3, 2, 4, 4, 4, 3, 4, 4, 4, 2, 3, 3, 3, 2, 3, 2, 2, 1, 2]

Total across score = 445
Average across score = 3.22463768116
Across score breakdown = [1, 4, 4, 2, 2, 3, 3, 4, 2, 4, 3, 4, 4, 3, 4, 3, 2, 4, 4, 3, 4, 4, 3, 2, 4, 4, 4, 4, 2, 4, 3, 3, 2, 2, 2, 3, 4, 1, 2, 3, 2, 4, 4, 3, 2, 2, 4, 4, 2, 4, 3, 2, 4, 4, 2, 4, 4, 4, 4, 3, 4, 4, 2, 3, 3, 4, 3, 4, 4, 4, 2, 3, 4, 1, 2, 4, 4, 4, 3, 1, 2, 3, 3, 2, 4, 3, 4, 4, 2, 4, 4, 4, 3, 4, 1, 3, 3, 4, 3, 2, 4, 4, 3, 4, 4, 4, 4, 4, 2, 4, 4, 4, 4, 4, 3, 2, 4, 4, 4, 3, 3, 2, 4, 4, 4, 4, 2, 4, 4, 4, 3, 4, 4, 3, 3, 3, 2, 2]

Side score avg percent = 0.271312426974
Across score avg percent = 0.298393077552
Side score percent breakdown = [0.2777777777777778, 0.032, 0.2, 0.23529411764705882, 0.4, 0.35, 0.47368421052631576, 0.2558139534883721, 0.3157894736842105, 0.036036036036036036, 0.28169014084507044, 0.15151515151515152, 0.3125, 0.25, 0.0, 0.3541666666666667, 0.3, 0.2222222222222222, 0.35, 0.3888888888888889, 0.3333333333333333, 0.1111111111111111, 0.30120481927710846, 0.04975124378109453, 0.345679012345679, 0.21052631578947367, 0.3888888888888889, 0.35294117647058826, 0.14285714285714285, 0.0, 0.21052631578947367, 0.2, 0.47058823529411764, 0.3, 0.2, 0.0, 0.35294117647058826, 0.5301204819277109, 0.23529411764705882, 0.4528301886792453, 0.2777777777777778, 0.48484848484848486, 0.3, 0.2777777777777778, 0.2777777777777778, 0.47058823529411764, 0.41379310344827586, 0.3157894736842105, 0.0, 0.14285714285714285, 0.3, 0.009708737864077669, 0.2222222222222222, 0.3, 0.3684210526315789, 0.16666666666666666, 0.2631578947368421, 0.04838709677419355, 0.31297709923664124, 0.3373493975903614, 0.26666666666666666, 0.32608695652173914, 0.21052631578947367, 0.3157894736842105, 0.3253012048192771, 0.2222222222222222, 0.4659090909090909, 0.28888888888888886, 0.3037974683544304, 0.3333333333333333, 0.38823529411764707, 0.4, 0.3542713567839196, 0.3, 0.0, 0.3614457831325301, 0.09090909090909091, 0.25, 0.3, 0.25, 0.375, 0.21052631578947367, 0.3125, 0.35, 0.0, 1.0, 0.34065934065934067, 0.25, 0.21052631578947367, 0.2, 0.0, 0.3684210526315789, 0.3135593220338983, 0.47368421052631576, 0.125, 0.05714285714285714, 0.2631578947368421, 0.16666666666666666, 0.1276595744680851, 0.2777777777777778, 0.2777777777777778, 0.28728070175438597, 0.2727272727272727, 0.32926829268292684, 0.2842741935483871, 0.2892768079800499, 0.30434782608695654, 0.3375, 0.2222222222222222, 0.03333333333333333, 0.37850467289719625, 0.3684210526315789, 0.4117647058823529, 0.2830188679245283, 0.2903225806451613, 0.23595505617977527, 0.3402061855670103, 0.29411764705882354, 0.21739130434782608, 0.28421052631578947, 0.3157894736842105, 0.4117647058823529, 0.31264367816091954, 0.35, 0.3, 0.2571428571428571, 0.1875, 0.2857142857142857, 0.35, 0.23529411764705882, 0.3181818181818182, 0.2631578947368421, 0.36058700209643607, 0.0234375, 0.29207920792079206, 0.2631578947368421, 0.0, 0.33507853403141363, 0.40804597701149425, 0.3078817733990148, 0.2777777777777778, 0.25, 0.23529411764705882, 0.2777777777777778, 0.26666666666666666, 0.0, 0.3888888888888889, 0.3, 0.21052631578947367, 0.0, 0.25, 0.2, 0.15789473684210525, 0.3157894736842105, 0.3, 0.35, 0.15789473684210525, 0.11428571428571428, 0.3, 0.29411764705882354, 0.37362637362637363, 0.2, 0.42105263157894735, 0.3132530120481928, 0.8611111111111112, 0.2631578947368421, 0.42105263157894735, 0.2777777777777778, 0.2631578947368421, 0.19047619047619047, 0.16666666666666666, 0.09523809523809523, 0.3386243386243386, 0.2984054669703872, 0.31683168316831684, 0.31738035264483627, 0.3261802575107296, 0.2631578947368421, 0.2962962962962963, 0.2, 0.3888888888888889, 0.4305555555555556, 0.050359712230215826, 0.03937007874015748, 0.22580645161290322, 0.35294117647058826, 0.4, 0.375, 0.21052631578947367, 0.04878048780487805, 0.1388888888888889, 0.2916666666666667, 0.4044943820224719, 0.1111111111111111, 0.23529411764705882, 0.2631578947368421, 0.4117647058823529, 0.29411764705882354, 0.3333333333333333, 0.2, 0.2631578947368421, 0.30434782608695654, 0.41836734693877553, 0.5, 0.3888888888888889, 0.22727272727272727, 0.2777777777777778, 0.29736842105263156, 0.4375, 0.3638297872340426, 0.32673267326732675, 0.2631578947368421, 0.11764705882352941, 0.31717171717171716, 0.20689655172413793, 0.3333333333333333, 0.1111111111111111, 0.3684210526315789, 0.34408602150537637, 0.31724137931034485, 0.30337078651685395, 0.4, 0.43790849673202614, 0.2720156555772994, 0.2215568862275449, 0.2222222222222222, 0.38405797101449274, 0.4029126213592233, 0.2, 0.3929471032745592, 0.2777777777777778, 0.2631578947368421, 0.3333333333333333, 0.2815533980582524, 0.2988505747126437, 0.2777777777777778, 0.30434782608695654, 0.29411764705882354, 0.30612244897959184, 0.2, 0.2222222222222222, 0.2631578947368421, 0.21052631578947367, 0.2425629290617849, 0.24390243902439024, 0.3, 0.2857142857142857, 0.3231552162849873, 0.2631578947368421, 0.04838709677419355, 0.041666666666666664, 0.25, 0.35, 0.3125, 0.3220338983050847, 0.2169811320754717, 0.2765957446808511, 0.27906976744186046, 0.05172413793103448, 0.3157894736842105, 0.3333333333333333, 0.3785557986870897, 0.33649289099526064, 0.3333333333333333, 0.023622047244094488, 0.26156941649899396, 0.25, 0.18181818181818182, 0.3333333333333333, 0.3611111111111111, 0.375, 0.0, 0.11320754716981132, 0.21052631578947367, 0.27450980392156865, 0.1111111111111111, 0.40638297872340423, 0.26666666666666666, 0.2631578947368421, 0.29411764705882354, 0.3684210526315789, 0.2, 0.4111111111111111, 0.03937007874015748, 0.3684210526315789, 0.34146341463414637, 0.35, 0.0, 0.3157894736842105, 0.2857142857142857, 0.25, 0.2, 0.3684210526315789, 0.14285714285714285, 0.09090909090909091, 0.16666666666666666, 0.2777777777777778]
Across score percent breakdown = [0.19047619047619047, 0.25, 0.25, 0.31266149870801035, 0.23636363636363636, 0.043478260869565216, 0.3236009732360097, 0.2857142857142857, 0.24536082474226803, 0.3684210526315789, 0.3, 0.16216216216216217, 0.3888888888888889, 0.3157894736842105, 0.4, 0.2777777777777778, 0.21052631578947367, 0.3157894736842105, 1.0, 0.3157894736842105, 1.0, 0.6, 0.3411764705882353, 0.21052631578947367, 0.3157894736842105, 0.3888888888888889, 0.35294117647058826, 0.29411764705882354, 0.16666666666666666, 0.35294117647058826, 0.3333333333333333, 0.2777777777777778, 0.10256410256410256, 0.19047619047619047, 0.15789473684210525, 0.2777777777777778, 0.3333333333333333, 0.16666666666666666, 0.2631578947368421, 0.25, 0.25, 0.3716475095785441, 0.42105263157894735, 0.25, 0.2948717948717949, 0.3181818181818182, 0.3333333333333333, 0.4, 0.15, 0.5, 0.2222222222222222, 0.2891566265060241, 0.30409356725146197, 0.3466981132075472, 0.25, 0.34375, 0.3469387755102041, 0.2857142857142857, 0.35, 0.2777777777777778, 0.2413793103448276, 0.2972972972972973, 0.3125, 0.2777777777777778, 0.2631578947368421, 0.1794871794871795, 0.3, 0.3157894736842105, 0.42105263157894735, 0.6, 0.2222222222222222, 0.3341772151898734, 0.3684210526315789, 0.15789473684210525, 0.22857142857142856, 0.35, 0.47368421052631576, 0.4, 0.3125, 0.007407407407407408, 0.27631578947368424, 0.2631578947368421, 0.2777777777777778, 0.29195402298850576, 0.34177215189873417, 0.25, 0.4181184668989547, 0.3684210526315789, 0.1111111111111111, 0.096, 0.358695652173913, 0.3874709976798144, 0.32954545454545453, 0.4, 0.11764705882352941, 0.13157894736842105, 0.3333333333333333, 0.35294117647058826, 0.29411764705882354, 0.2222222222222222, 0.4666666666666667, 0.36519607843137253, 0.3333333333333333, 0.2, 0.4, 0.010416666666666666, 0.3182957393483709, 0.3882978723404255, 0.03787878787878788, 0.3239130434782609, 0.3157894736842105, 0.29411764705882354, 0.2857142857142857, 0.42105263157894735, 0.16666666666666666, 0.2222222222222222, 0.0603448275862069, 0.2, 0.2, 0.35294117647058826, 0.2631578947368421, 0.3037974683544304, 0.22580645161290322, 0.3684210526315789, 0.35294117647058826, 0.4, 0.2222222222222222, 0.05, 0.36363636363636365, 0.45, 0.3125, 0.3673469387755102, 0.35294117647058826, 0.2777777777777778, 0.2608695652173913, 0.21052631578947367, 0.2631578947368421, 0.21052631578947367]
