Total side score = 2081
Average side score = 3.03352769679
Side score breakdown = [1, 2, 1, 1, 4, 2, 2, 3, 4, 3, 4, 2, 4, 3, 2, 3, 3, 3, 4, 4, 2, 4, 4, 3, 3, 4, 1, 2, 1, 4, 4, 4, 4, 3, 4, 3, 4, 1, 4, 3, 1, 3, 3, 4, 3, 3, 2, 4, 4, 1, 4, 4, 2, 3, 4, 3, 4, 3, 2, 4, 3, 3, 2, 3, 3, 3, 4, 4, 3, 4, 2, 2, 4, 2, 4, 2, 3, 1, 3, 4, 3, 1, 4, 4, 3, 2, 3, 4, 3, 1, 4, 4, 4, 4, 4, 3, 4, 4, 3, 2, 2, 4, 4, 4, 3, 4, 3, 3, 1, 2, 4, 4, 3, 2, 4, 2, 2, 3, 4, 3, 4, 3, 2, 1, 3, 2, 4, 4, 3, 3, 3, 3, 2, 2, 1, 4, 3, 3, 4, 4, 3, 3, 2, 3, 3, 2, 2, 3, 2, 4, 2, 4, 4, 3, 4, 2, 3, 4, 1, 1, 2, 2, 4, 3, 4, 4, 2, 4, 2, 2, 3, 1, 3, 4, 4, 4, 3, 3, 2, 3, 4, 4, 4, 3, 1, 3, 3, 4, 4, 3, 2, 4, 3, 3, 1, 4, 2, 4, 4, 3, 3, 4, 3, 3, 4, 3, 4, 1, 3, 3, 4, 4, 4, 4, 3, 3, 3, 1, 3, 1, 3, 4, 4, 2, 4, 3, 2, 2, 4, 4, 1, 3, 3, 3, 4, 3, 4, 3, 4, 3, 4, 3, 3, 3, 1, 3, 4, 4, 2, 3, 2, 3, 1, 2, 4, 2, 4, 4, 2, 3, 2, 4, 2, 4, 4, 1, 3, 2, 4, 3, 3, 4, 3, 4, 4, 4, 3, 2, 3, 4, 2, 3, 4, 4, 4, 3, 4, 3, 1, 2, 2, 2, 4, 4, 4, 3, 4, 2, 4, 4, 4, 2, 4, 3, 1, 4, 4, 4, 4, 4, 4, 4, 4, 4, 4, 1, 1, 3, 4, 4, 4, 4, 4, 3, 3, 4, 3, 3, 4, 2, 3, 2, 2, 2, 3, 3, 2, 2, 3, 3, 2, 4, 3, 4, 2, 3, 4, 3, 2, 4, 2, 2, 1, 3, 4, 4, 4, 3, 3, 3, 1, 4, 3, 4, 4, 4, 1, 4, 4, 2, 4, 4, 4, 4, 4, 4, 4, 4, 3, 4, 4, 4, 3, 3, 3, 3, 2, 2, 1, 4, 4, 3, 4, 3, 2, 3, 3, 3, 3, 1, 4, 2, 2, 4, 4, 4, 3, 3, 4, 1, 4, 2, 3, 1, 4, 3, 4, 3, 4, 3, 4, 3, 3, 2, 2, 2, 4, 4, 4, 3, 3, 3, 1, 4, 4, 4, 4, 2, 4, 4, 4, 2, 3, 3, 4, 4, 2, 4, 1, 4, 4, 4, 4, 3, 3, 4, 4, 1, 1, 2, 3, 4, 4, 4, 3, 4, 3, 4, 2, 2, 3, 4, 4, 3, 4, 2, 3, 3, 1, 3, 3, 2, 1, 1, 3, 4, 4, 4, 2, 4, 2, 3, 3, 4, 1, 3, 3, 3, 4, 4, 3, 3, 2, 3, 2, 4, 3, 4, 2, 3, 2, 2, 4, 3, 4, 4, 3, 1, 4, 4, 4, 3, 3, 2, 3, 3, 2, 3, 3, 4, 3, 4, 4, 3, 3, 4, 3, 4, 3, 4, 2, 3, 2, 2, 2, 2, 2, 3, 2, 3, 2, 2, 3, 2, 2, 2, 3, 2, 4, 2, 3, 3, 4, 2, 2, 4, 4, 2, 4, 4, 3, 3, 2, 3, 2, 4, 2, 3, 4, 3, 3, 2, 2, 4, 3, 3, 4, 4, 2, 2, 3, 2, 3, 3, 4, 4, 2, 2, 3, 4, 2, 2, 4, 4, 1, 2, 4, 2, 4, 4, 3, 2, 2, 2, 3, 2, 2, 3, 4, 4, 3, 4, 2, 2, 2, 2, 3, 4, 3, 4, 4, 3, 4, 3, 3, 4, 4, 3, 4, 4, 4, 4, 4, 4, 2, 3, 1, 4, 4, 4, 3, 4, 2, 4, 2, 3, 3, 3, 3, 4, 3, 2, 2, 4, 3, 2, 4, 4, 3, 4, 3, 4, 2, 3, 3, 2, 2, 4, 3, 3, 3, 3, 2, 4, 2, 3]

Total across score = 255
Average across score = 3.1875
Across score breakdown = [3, 4, 4, 4, 4, 3, 3, 4, 3, 3, 4, 3, 4, 3, 4, 4, 4, 4, 3, 4, 3, 2, 3, 3, 2, 3, 4, 4, 3, 1, 2, 4, 2, 3, 2, 4, 4, 4, 2, 2, 4, 4, 4, 4, 2, 3, 4, 3, 3, 4, 4, 1, 3, 3, 3, 3, 3, 4, 3, 3, 3, 3, 4, 4, 3, 4, 3, 4, 2, 3, 3, 4, 4, 2, 4, 3, 2, 2, 1, 3]

Side score avg percent = 0.288860088579
Across score avg percent = 0.295990910824
Side score percent breakdown = [0.17647058823529413, 0.2222222222222222, 0.25, 0.1111111111111111, 0.2857142857142857, 0.19047619047619047, 0.19047619047619047, 0.23809523809523808, 0.375, 0.2222222222222222, 0.30434782608695654, 0.21052631578947367, 0.2897196261682243, 0.28431372549019607, 0.22549019607843138, 0.23809523809523808, 0.2803738317757009, 0.2872340425531915, 0.4845360824742268, 0.4528301886792453, 0.3333333333333333, 0.45, 0.3619047619047619, 0.3431372549019608, 0.24696356275303644, 0.2826086956521739, 0.2125, 0.2510204081632653, 0.12064965197215777, 0.2589118198874296, 0.47619047619047616, 0.46577946768060835, 0.36507936507936506, 0.42588726513569936, 0.31902985074626866, 0.34468937875751504, 0.2777777777777778, 0.11764705882352941, 0.35, 0.23809523809523808, 0.125, 0.22727272727272727, 0.25, 0.3181818181818182, 0.2857142857142857, 0.2222222222222222, 0.2, 0.2727272727272727, 0.32323232323232326, 0.20618556701030927, 0.3305084745762712, 0.3125, 0.2247191011235955, 0.2647058823529412, 0.4375, 0.3645833333333333, 0.3333333333333333, 0.37962962962962965, 0.27956989247311825, 0.3917525773195876, 0.28174603174603174, 0.2600806451612903, 0.25201612903225806, 0.26348547717842324, 0.21413276231263384, 0.24586776859504134, 0.46387832699619774, 0.4340770791075051, 0.32796780684104626, 0.44834307992202727, 0.25691699604743085, 0.281947261663286, 0.34782608695652173, 0.125, 0.30434782608695654, 0.2631578947368421, 0.23809523809523808, 0.2, 0.2631578947368421, 0.3157894736842105, 0.25, 0.15789473684210525, 0.3181818181818182, 0.30434782608695654, 0.2608695652173913, 0.25471698113207547, 0.24271844660194175, 0.3076923076923077, 0.25510204081632654, 0.2247191011235955, 0.4722222222222222, 0.46788990825688076, 0.37719298245614036, 0.4423076923076923, 0.32673267326732675, 0.3113207547169811, 0.28105906313645623, 0.29282868525896416, 0.26156941649899396, 0.25971370143149286, 0.24634655532359082, 0.30174081237911027, 0.48975409836065575, 0.47155963302752296, 0.3193612774451098, 0.44363636363636366, 0.3132530120481928, 0.33984375, 0.16666666666666666, 0.2222222222222222, 0.2631578947368421, 0.3684210526315789, 0.21052631578947367, 0.2, 0.2857142857142857, 0.25, 0.2, 0.2631578947368421, 0.22727272727272727, 0.25, 0.3684210526315789, 0.2736842105263158, 0.23853211009174313, 0.20388349514563106, 0.25806451612903225, 0.24210526315789474, 0.49504950495049505, 0.42990654205607476, 0.3368421052631579, 0.43157894736842106, 0.2978723404255319, 0.3113207547169811, 0.25851703406813625, 0.26476578411405294, 0.2053388090349076, 0.2795918367346939, 0.2408906882591093, 0.23877551020408164, 0.49056603773584906, 0.44274809160305345, 0.31712062256809337, 0.3783231083844581, 0.27865612648221344, 0.31992337164750956, 0.29411764705882354, 0.2, 0.2, 0.2222222222222222, 0.2631578947368421, 0.2727272727272727, 0.15789473684210525, 0.38095238095238093, 0.21739130434782608, 0.19047619047619047, 0.30434782608695654, 0.19047619047619047, 0.25, 0.27835051546391754, 0.20618556701030927, 0.21505376344086022, 0.24731182795698925, 0.25742574257425743, 0.43434343434343436, 0.4077669902912621, 0.32323232323232326, 0.44660194174757284, 0.2857142857142857, 0.3486238532110092, 0.25481798715203424, 0.24596774193548387, 0.27380952380952384, 0.2203023758099352, 0.24855491329479767, 0.2716297786720322, 0.48616600790513836, 0.4386973180076628, 0.325626204238921, 0.3967611336032389, 0.2574468085106383, 0.32854209445585214, 0.2727272727272727, 0.2608695652173913, 0.38095238095238093, 0.23529411764705882, 0.13333333333333333, 0.2631578947368421, 0.3, 0.2857142857142857, 0.3, 0.22727272727272727, 0.20833333333333334, 0.3181818181818182, 0.2871287128712871, 0.29523809523809524, 0.20430107526881722, 0.2755102040816326, 0.23529411764705882, 0.32407407407407407, 0.4489795918367347, 0.33636363636363636, 0.3229166666666667, 0.47, 0.32673267326732675, 0.3364485981308411, 0.28516377649325625, 0.25609756097560976, 0.25149700598802394, 0.22894168466522677, 0.26666666666666666, 0.27479338842975204, 0.4671968190854871, 0.41811175337186895, 0.337890625, 0.44532803180914515, 0.324, 0.35039370078740156, 0.22727272727272727, 0.1875, 0.2777777777777778, 0.21052631578947367, 0.23809523809523808, 0.3157894736842105, 0.2727272727272727, 0.21052631578947367, 0.25, 0.2727272727272727, 0.2777777777777778, 0.19047619047619047, 0.3090909090909091, 0.28865979381443296, 0.23076923076923078, 0.25252525252525254, 0.23076923076923078, 0.26851851851851855, 0.5045045045045045, 0.3894736842105263, 0.3238095238095238, 0.41414141414141414, 0.33636363636363636, 0.35185185185185186, 0.2923076923076923, 0.2635814889336016, 0.26129666011787817, 0.24308300395256918, 0.22269807280513917, 0.26326530612244897, 0.47443762781186094, 0.43103448275862066, 0.2827868852459016, 0.4166666666666667, 0.29473684210526313, 0.3346534653465347, 0.10526315789473684, 0.2222222222222222, 0.2777777777777778, 0.2, 0.2727272727272727, 0.3, 0.2222222222222222, 0.2631578947368421, 0.21052631578947367, 0.2727272727272727, 0.1875, 0.2857142857142857, 0.2803738317757009, 0.1839080459770115, 0.25, 0.2127659574468085, 0.3018867924528302, 0.2631578947368421, 0.4020618556701031, 0.4519230769230769, 0.32653061224489793, 0.4444444444444444, 0.32, 0.36036036036036034, 0.29025844930417494, 0.2366255144032922, 0.2475633528265107, 0.30347349177330896, 0.2578616352201258, 0.2826086956521739, 0.4405737704918033, 0.44313725490196076, 0.2992125984251969, 0.3970276008492569, 0.3045186640471513, 0.361376673040153, 0.2, 0.26666666666666666, 0.19047619047619047, 0.2, 0.36363636363636365, 0.2727272727272727, 0.3333333333333333, 0.2222222222222222, 0.23809523809523808, 0.15789473684210525, 0.25, 0.3333333333333333, 0.3142857142857143, 0.24468085106382978, 0.2636363636363636, 0.27, 0.2111111111111111, 0.33035714285714285, 0.5050505050505051, 0.44554455445544555, 0.3275862068965517, 0.4392523364485981, 0.36633663366336633, 0.3523809523809524, 0.28316831683168314, 0.26744186046511625, 0.2729007633587786, 0.24008350730688935, 0.16964285714285715, 0.2736220472440945, 0.46107784431137727, 0.4153225806451613, 0.32608695652173914, 0.4573643410852713, 0.3272394881170018, 0.2953156822810591, 0.23809523809523808, 0.4, 0.21052631578947367, 0.25, 0.2608695652173913, 0.18181818181818182, 0.2631578947368421, 0.21052631578947367, 0.2, 0.2, 0.2777777777777778, 0.25, 0.22448979591836735, 0.24509803921568626, 0.25961538461538464, 0.26804123711340205, 0.2558139534883721, 0.31896551724137934, 0.4105263157894737, 0.46534653465346537, 0.31521739130434784, 0.4117647058823529, 0.4166666666666667, 0.3113207547169811, 0.23255813953488372, 0.28875968992248063, 0.23694779116465864, 0.2809917355371901, 0.20137299771167047, 0.2682445759368836, 0.4749498997995992, 0.4380165289256198, 0.4049733570159858, 0.4435146443514644, 0.32217573221757323, 0.326171875, 0.17647058823529413, 0.2631578947368421, 0.2, 0.30434782608695654, 0.30434782608695654, 0.22727272727272727, 0.1, 0.3181818181818182, 0.2727272727272727, 0.15, 0.36363636363636365, 0.23809523809523808, 0.30612244897959184, 0.3125, 0.28846153846153844, 0.3333333333333333, 0.26548672566371684, 0.2882882882882883, 0.3829787234042553, 0.46153846153846156, 0.3333333333333333, 0.4411764705882353, 0.29591836734693877, 0.29591836734693877, 0.2689243027888446, 0.2665330661322645, 0.2309197651663405, 0.2629399585921325, 0.18995633187772926, 0.2842741935483871, 0.4841897233201581, 0.41875, 0.3569937369519833, 0.3944223107569721, 0.27896995708154504, 0.34273318872017355, 0.2631578947368421, 0.2857142857142857, 0.25, 0.1111111111111111, 0.25, 0.21052631578947367, 0.16666666666666666, 0.23809523809523808, 0.2857142857142857, 0.3333333333333333, 0.3333333333333333, 0.2857142857142857, 0.2692307692307692, 0.15217391304347827, 0.3191489361702128, 0.22448979591836735, 0.2636363636363636, 0.20689655172413793, 0.45098039215686275, 0.40625, 0.28431372549019607, 0.41935483870967744, 0.38, 0.28703703703703703, 0.2651821862348178, 0.2707509881422925, 0.27355072463768115, 0.25051334702258726, 0.19157894736842104, 0.1885593220338983, 0.46745562130177515, 0.42829827915869984, 0.3226452905811623, 0.41922290388548056, 0.3333333333333333, 0.2857142857142857, 0.16666666666666666, 0.3684210526315789, 0.23809523809523808, 0.36363636363636365, 0.2857142857142857, 0.2, 0.3157894736842105, 0.45454545454545453, 0.23809523809523808, 0.2222222222222222, 0.3, 0.2857142857142857, 0.27522935779816515, 0.28846153846153844, 0.23300970873786409, 0.26851851851851855, 0.20618556701030927, 0.32075471698113206, 0.5257731958762887, 0.41818181818181815, 0.35514018691588783, 0.39622641509433965, 0.36538461538461536, 0.31932773109243695, 0.2859960552268245, 0.2222222222222222, 0.18008474576271186, 0.2759295499021526, 0.2571976967370441, 0.3191919191919192, 0.482897384305835, 0.48063380281690143, 0.3333333333333333, 0.4155339805825243, 0.3326612903225806, 0.3516068052930057, 0.21052631578947367, 0.2, 0.23529411764705882, 0.2608695652173913, 0.3, 0.2631578947368421, 0.3333333333333333, 0.21052631578947367, 0.25, 0.25, 0.21052631578947367, 0.23809523809523808, 0.2912621359223301, 0.25252525252525254, 0.2391304347826087, 0.22727272727272727, 0.28, 0.30612244897959184, 0.5, 0.4485981308411215, 0.32222222222222224, 0.39285714285714285, 0.3068181818181818, 0.29347826086956524, 0.2644135188866799, 0.2787193973634652, 0.22107438016528927, 0.26789366053169733, 0.24561403508771928, 0.3144016227180527, 0.4777777777777778, 0.45979381443298967, 0.324, 0.3946869070208729, 0.3076923076923077, 0.32289628180039137, 0.23529411764705882, 0.3333333333333333, 0.2716297786720322, 0.2857142857142857, 0.23809523809523808, 0.15151515151515152, 0.025210084033613446, 0.0, 0.35294117647058826, 0.2222222222222222, 0.16216216216216217, 0.4, 0.29411764705882354, 0.21052631578947367, 0.3888888888888889, 0.3888888888888889, 0.4, 0.2777777777777778, 0.2631578947368421, 0.21052631578947367, 0.2727272727272727, 0.35, 0.2631578947368421, 0.3333333333333333, 0.35294117647058826, 0.3684210526315789, 0.3157894736842105, 0.3, 0.35294117647058826, 0.2777777777777778, 0.3125, 1.0, 0.2777777777777778, 0.3684210526315789, 0.29411764705882354, 0.3333333333333333, 0.16666666666666666, 0.2777777777777778, 0.2, 0.10256410256410256, 0.10810810810810811, 0.20588235294117646, 0.21052631578947367, 0.15789473684210525, 0.3157894736842105, 0.25, 0.25, 0.21052631578947367, 0.15, 0.17857142857142858, 0.2, 0.32124352331606215, 0.21052631578947367, 0.47368421052631576, 0.25, 0.3157894736842105, 0.16216216216216217, 0.06722689075630252, 0.2892768079800499, 0.26666666666666666, 0.30434782608695654, 0.35324675324675325, 0.03333333333333333, 0.4, 0.35, 0.2222222222222222, 0.2653061224489796, 0.10204081632653061, 0.2903225806451613, 0.23595505617977527, 0.3469387755102041, 0.23809523809523808, 0.29411764705882354, 0.3333333333333333, 0.21739130434782608, 0.2777777777777778, 0.21052631578947367, 0.21052631578947367, 0.35, 0.35, 0.2777777777777778, 0.2413793103448276, 0.2972972972972973, 0.21052631578947367, 0.035398230088495575, 0.3333333333333333, 0.0, 0.40804597701149425, 0.0, 0.35074626865671643, 0.4117647058823529, 0.25, 0.26666666666666666, 0.0, 0.375, 0.21052631578947367, 0.21052631578947367, 0.056910569105691054, 0.064, 0.125, 0.2, 0.34523809523809523, 0.22857142857142856, 0.35, 0.42105263157894735, 0.2777777777777778, 0.2, 0.06779661016949153, 0.2222222222222222, 0.2815533980582524, 0.07407407407407407, 0.25, 0.2, 0.1793478260869565, 0.3684210526315789, 0.23529411764705882, 0.3888888888888889, 0.2631578947368421, 0.21052631578947367, 0.2, 0.2222222222222222, 0.21428571428571427, 0.36519607843137253, 0.25, 0.2, 0.35294117647058826, 0.2631578947368421, 0.11475409836065574, 0.3638297872340426, 0.2864583333333333, 0.3882978723404255, 0.11764705882352941, 0.3333333333333333, 0.35038363171355497, 0.37735849056603776, 0.3239130434782609, 0.3333333333333333, 0.2857142857142857, 0.42105263157894735, 0.2635294117647059, 0.2720156555772994, 0.2215568862275449, 0.5, 0.12650602409638553, 0.4024390243902439, 0.2777777777777778, 0.4375, 0.2425629290617849, 0.16216216216216217, 0.3037974683544304, 0.3, 0.2727272727272727, 0.35, 0.041666666666666664, 0.35294117647058826, 0.3157894736842105, 0.3125, 0.25609756097560976, 0.36363636363636365, 0.2777777777777778, 0.19047619047619047, 0.2692307692307692, 0.3673469387755102, 0.25, 0.34782608695652173, 0.2631578947368421, 0.3157894736842105, 0.3076923076923077, 0.2777777777777778, 0.13333333333333333, 0.29411764705882354, 0.3068181818181818, 0.3684210526315789, 0.2222222222222222, 0.3157894736842105, 0.2222222222222222, 0.25, 0.2777777777777778, 0.3333333333333333, 0.16666666666666666, 0.3]
Across score percent breakdown = [0.3171355498721228, 0.6666666666666666, 0.4, 0.47058823529411764, 0.05737704918032787, 0.3157894736842105, 0.314070351758794, 0.449438202247191, 0.3, 0.3, 0.3333333333333333, 0.22727272727272727, 0.4528301886792453, 0.3253012048192771, 0.4659090909090909, 0.3090909090909091, 0.3333333333333333, 0.4, 0.29545454545454547, 0.25, 0.2777777777777778, 0.21052631578947367, 0.2777777777777778, 0.25, 0.24210526315789474, 0.3333333333333333, 0.5, 0.3333333333333333, 0.2571428571428571, 0.16666666666666666, 0.2631578947368421, 0.3684210526315789, 0.1111111111111111, 0.2777777777777778, 0.25, 0.2, 0.36607142857142855, 0.3333333333333333, 0.15789473684210525, 0.2777777777777778, 0.3888888888888889, 0.37362637362637363, 0.2, 0.35294117647058826, 0.22727272727272727, 0.2648401826484018, 0.07377049180327869, 0.3261802575107296, 0.2631578947368421, 0.3596938775510204, 0.3888888888888889, 0.050359712230215826, 0.29411764705882354, 0.35294117647058826, 0.21052631578947367, 0.25, 0.31717171717171716, 0.5714285714285714, 0.34408602150537637, 0.0392156862745098, 0.30337078651685395, 0.4, 0.43790849673202614, 0.43023255813953487, 0.3182957393483709, 0.45, 0.2765957446808511, 0.3333333333333333, 0.2222222222222222, 0.0, 0.2976190476190476, 0.32323232323232326, 0.2857142857142857, 0.19047619047619047, 0.2, 0.3157894736842105, 0.25, 0.09090909090909091, 0.16666666666666666, 0.3]
