Total side score = 1406
Average side score = 2.87525562372
Side score breakdown = [2, 4, 2, 3, 4, 3, 4, 4, 4, 3, 2, 3, 1, 1, 2, 3, 3, 3, 4, 1, 1, 4, 4, 4, 4, 4, 3, 4, 4, 4, 1, 3, 4, 3, 4, 4, 3, 4, 1, 4, 2, 2, 4, 2, 4, 4, 3, 4, 3, 1, 4, 2, 2, 3, 2, 4, 2, 4, 2, 4, 3, 2, 3, 2, 3, 3, 3, 1, 4, 4, 3, 3, 4, 4, 1, 3, 1, 3, 2, 1, 2, 2, 3, 4, 1, 3, 3, 4, 2, 4, 4, 3, 3, 3, 3, 2, 4, 4, 4, 3, 4, 4, 1, 3, 3, 4, 3, 3, 2, 4, 3, 2, 2, 4, 2, 3, 4, 2, 4, 3, 1, 3, 2, 4, 3, 3, 3, 4, 3, 2, 4, 2, 4, 3, 2, 4, 4, 3, 3, 3, 3, 2, 3, 3, 4, 1, 2, 3, 4, 3, 4, 3, 3, 4, 3, 4, 4, 1, 2, 3, 3, 3, 1, 1, 1, 3, 4, 3, 2, 2, 4, 4, 4, 2, 3, 1, 1, 4, 2, 3, 2, 1, 4, 3, 3, 2, 4, 2, 3, 4, 3, 3, 3, 1, 1, 2, 4, 3, 3, 4, 1, 3, 2, 4, 1, 3, 3, 2, 2, 2, 1, 4, 4, 4, 4, 3, 1, 3, 3, 3, 4, 3, 2, 3, 3, 4, 3, 3, 1, 1, 2, 3, 4, 3, 2, 3, 4, 2, 4, 1, 4, 3, 1, 4, 4, 3, 1, 1, 2, 3, 4, 4, 1, 1, 3, 3, 1, 2, 4, 4, 2, 4, 2, 4, 2, 3, 2, 2, 4, 4, 1, 4, 1, 1, 1, 4, 3, 2, 3, 2, 4, 4, 3, 4, 4, 2, 1, 1, 4, 4, 4, 4, 4, 4, 2, 3, 2, 4, 2, 3, 3, 2, 2, 4, 2, 4, 2, 4, 3, 4, 4, 4, 2, 4, 3, 2, 3, 2, 4, 3, 4, 4, 3, 2, 4, 3, 4, 3, 2, 4, 4, 3, 4, 4, 4, 2, 3, 4, 3, 4, 4, 2, 1, 2, 3, 2, 4, 3, 1, 1, 2, 3, 4, 4, 4, 2, 2, 3, 4, 4, 2, 3, 2, 3, 3, 3, 2, 1, 1, 4, 4, 4, 4, 4, 3, 3, 4, 3, 4, 1, 2, 2, 4, 4, 2, 2, 3, 4, 3, 4, 4, 2, 1, 1, 1, 4, 4, 3, 1, 4, 2, 1, 4, 4, 4, 4, 3, 3, 1, 4, 3, 4, 3, 4, 4, 3, 3, 4, 4, 2, 4, 4, 3, 2, 1, 4, 4, 3, 4, 1, 3, 1, 2, 4, 1, 3, 4, 4, 4, 4, 2, 4, 2, 3, 3, 2, 2, 1, 4, 3, 4, 2, 3, 4, 2, 3, 3, 2, 3, 4, 2, 4, 2, 2, 2, 4, 4, 3, 4, 3, 2, 4, 2, 2, 4, 2, 4, 3, 1, 3, 2, 3, 3, 2, 2, 2, 1, 1, 1]

Total across score = 1102
Average across score = 2.97035040431
Across score breakdown = [1, 2, 1, 2, 3, 3, 4, 3, 3, 4, 4, 4, 3, 4, 2, 4, 4, 3, 4, 1, 3, 3, 4, 3, 4, 1, 4, 4, 3, 3, 3, 3, 3, 4, 4, 4, 4, 2, 2, 3, 4, 1, 3, 2, 4, 4, 4, 4, 4, 4, 2, 4, 4, 4, 1, 2, 4, 4, 2, 3, 4, 3, 1, 4, 4, 3, 2, 2, 4, 4, 4, 3, 3, 2, 3, 2, 4, 3, 3, 4, 1, 4, 3, 4, 2, 2, 1, 4, 4, 3, 4, 4, 3, 3, 4, 3, 3, 3, 4, 4, 3, 4, 4, 3, 1, 4, 4, 4, 3, 1, 1, 4, 2, 3, 4, 4, 3, 4, 3, 3, 4, 3, 3, 4, 4, 3, 1, 2, 2, 2, 3, 4, 4, 1, 2, 3, 4, 4, 3, 2, 4, 4, 4, 3, 1, 2, 2, 4, 3, 2, 4, 2, 3, 4, 4, 4, 4, 4, 1, 4, 4, 4, 3, 4, 3, 3, 2, 2, 2, 2, 3, 3, 4, 3, 2, 4, 2, 4, 4, 3, 1, 4, 4, 1, 4, 2, 4, 4, 4, 3, 4, 4, 3, 3, 2, 4, 3, 3, 3, 3, 1, 2, 4, 4, 4, 1, 2, 4, 3, 3, 4, 3, 2, 4, 4, 3, 1, 4, 4, 4, 4, 2, 4, 4, 4, 4, 4, 3, 4, 1, 2, 4, 4, 4, 2, 2, 4, 4, 2, 3, 3, 2, 1, 4, 4, 4, 3, 4, 3, 4, 4, 3, 2, 1, 4, 2, 3, 1, 4, 3, 3, 3, 4, 2, 1, 3, 3, 3, 3, 4, 3, 4, 3, 3, 4, 4, 3, 3, 3, 1, 2, 3, 1, 4, 3, 3, 4, 1, 1, 4, 1, 1, 3, 3, 2, 3, 1, 3, 3, 3, 3, 4, 2, 2, 4, 4, 3, 2, 3, 3, 3, 2, 4, 1, 3, 3, 3, 4, 2, 4, 2, 1, 2, 3, 1, 3, 1, 2, 4, 2, 2, 4, 1, 3, 3, 3, 4, 2, 1, 3, 3, 3, 3, 1, 1, 4, 1, 3, 3, 4, 4, 3, 3, 3, 3, 4, 3, 1, 1, 3, 4, 3, 3, 2, 1, 3, 4, 3, 2, 2, 2]

Side score avg percent = 0.302272556815
Across score avg percent = 0.307179663052
Side score percent breakdown = [0.21052631578947367, 0.3684210526315789, 0.21052631578947367, 0.2631578947368421, 0.42105263157894735, 0.3157894736842105, 0.33, 0.32673267326732675, 0.297029702970297, 0.33, 0.29, 0.31, 0.238, 0.20240480961923848, 0.246, 0.31462925851703405, 0.30861723446893785, 0.3687374749498998, 0.3684210526315789, 0.10526315789473684, 0.1, 0.3684210526315789, 0.3684210526315789, 0.4, 0.31, 0.33, 0.24, 0.36, 0.33, 0.39603960396039606, 0.232, 0.2545090180360721, 0.286, 0.35671342685370744, 0.3466933867735471, 0.4028056112224449, 0.21052631578947367, 0.3157894736842105, 0.21052631578947367, 0.47368421052631576, 0.2, 0.2, 0.27722772277227725, 0.22, 0.297029702970297, 0.45, 0.33, 0.44554455445544555, 0.24448897795591182, 0.1683366733466934, 0.2745490981963928, 0.2925851703406814, 0.2985971943887776, 0.33, 0.21052631578947367, 0.3157894736842105, 0.2, 0.3684210526315789, 0.21052631578947367, 0.3, 0.25, 0.18, 0.24752475247524752, 0.3, 0.31, 0.31, 0.25250501002004005, 0.20240480961923848, 0.358, 0.33, 0.3112449799196787, 0.3466933867735471, 0.3157894736842105, 0.3157894736842105, 0.2, 0.2631578947368421, 0.15789473684210525, 0.2631578947368421, 0.22772277227722773, 0.2079207920792079, 0.2376237623762376, 0.29, 0.33, 0.33663366336633666, 0.2124248496993988, 0.274, 0.254, 0.32064128256513025, 0.2925851703406814, 0.3867735470941884, 0.3684210526315789, 0.2631578947368421, 0.2631578947368421, 0.2631578947368421, 0.3157894736842105, 0.2, 0.31, 0.32, 0.26732673267326734, 0.2871287128712871, 0.34, 0.40594059405940597, 0.178, 0.264, 0.2745490981963928, 0.3186372745490982, 0.3226452905811623, 0.324, 0.2, 0.42105263157894735, 0.25, 0.21052631578947367, 0.21052631578947367, 0.3684210526315789, 0.24752475247524752, 0.25, 0.32673267326732675, 0.31, 0.32, 0.31683168316831684, 0.218, 0.2685370741482966, 0.24248496993987975, 0.33266533066132264, 0.3026052104208417, 0.3847695390781563, 0.2631578947368421, 0.3157894736842105, 0.2631578947368421, 0.15789473684210525, 0.3157894736842105, 0.15, 0.31683168316831684, 0.27, 0.24, 0.47, 0.31, 0.2871287128712871, 0.254, 0.27054108216432865, 0.306, 0.302, 0.2985971943887776, 0.32064128256513025, 0.42105263157894735, 0.15789473684210525, 0.2, 0.2631578947368421, 0.3684210526315789, 0.25, 0.3, 0.24, 0.22772277227722773, 0.37, 0.32, 0.40594059405940597, 0.268, 0.19438877755511022, 0.256, 0.3166332665330661, 0.3226452905811623, 0.342, 0.10526315789473684, 0.15789473684210525, 0.2, 0.25, 0.3157894736842105, 0.2631578947368421, 0.24, 0.22, 0.33, 0.34, 0.33663366336633666, 0.27722772277227725, 0.23647294589178355, 0.18837675350701402, 0.206, 0.312625250501002, 0.278, 0.2785571142284569, 0.21052631578947367, 0.21052631578947367, 0.35, 0.2, 0.2631578947368421, 0.2, 0.32, 0.22772277227722773, 0.3, 0.41, 0.32, 0.36, 0.2565130260521042, 0.23446893787575152, 0.23, 0.29458917835671344, 0.34468937875751504, 0.336, 0.2631578947368421, 0.3684210526315789, 0.15789473684210525, 0.35, 0.21052631578947367, 0.35, 0.21, 0.26732673267326734, 0.24752475247524752, 0.24, 0.25, 0.24752475247524752, 0.218436873747495, 0.30060120240480964, 0.276, 0.404, 0.33867735470941884, 0.372, 0.15, 0.25, 0.21052631578947367, 0.21052631578947367, 0.3684210526315789, 0.3, 0.25, 0.29, 0.31683168316831684, 0.33, 0.31, 0.29, 0.11623246492985972, 0.11623246492985972, 0.26, 0.3406813627254509, 0.3486973947895792, 0.37, 0.21052631578947367, 0.2631578947368421, 0.45, 0.15789473684210525, 0.3684210526315789, 0.15, 0.27, 0.26, 0.22772277227722773, 0.4, 0.39, 0.27722772277227725, 0.20440881763527055, 0.21, 0.224, 0.3172690763052209, 0.34468937875751504, 0.32, 0.21052631578947367, 0.15, 0.2631578947368421, 0.3157894736842105, 0.21052631578947367, 0.21052631578947367, 0.6666666666666666, 1.0, 0.21052631578947367, 0.3181818181818182, 0.23214285714285715, 0.3066132264529058, 0.23529411764705882, 0.3, 0.22044088176352705, 0.21052631578947367, 0.3684210526315789, 0.2725450901803607, 0.15789473684210525, 0.3684210526315789, 0.15, 0.19801980198019803, 0.10526315789473684, 0.42105263157894735, 0.2631578947368421, 0.21052631578947367, 0.2631578947368421, 0.4, 0.42857142857142855, 0.2631578947368421, 1.0, 1.0, 0.12, 0.15789473684210525, 0.3333333333333333, 0.3, 0.2777777777777778, 0.3684210526315789, 0.3157894736842105, 0.3157894736842105, 0.17647058823529413, 0.3157894736842105, 0.2222222222222222, 0.4444444444444444, 0.2, 0.2631578947368421, 0.22, 0.24, 0.21052631578947367, 1.0, 0.16666666666666666, 0.3157894736842105, 0.21052631578947367, 1.0, 0.3157894736842105, 0.4444444444444444, 0.3157894736842105, 0.2631578947368421, 0.21052631578947367, 0.3888888888888889, 0.2631578947368421, 0.2631578947368421, 0.2631578947368421, 0.39, 0.32456140350877194, 0.3356401384083045, 0.42105263157894735, 0.2631578947368421, 0.2662037037037037, 0.3765182186234818, 0.2777777777777778, 0.3157894736842105, 0.2631578947368421, 0.15789473684210525, 0.42105263157894735, 0.6666666666666666, 0.3, 1.0, 0.3888888888888889, 0.32098765432098764, 0.24, 0.26, 0.3684210526315789, 0.3157894736842105, 0.3333333333333333, 0.3888888888888889, 0.21052631578947367, 0.10526315789473684, 0.21052631578947367, 0.2631578947368421, 0.2631578947368421, 0.34468937875751504, 0.3157894736842105, 0.19438877755511022, 0.05263157894736842, 0.2631578947368421, 0.3684210526315789, 1.0, 0.3684210526315789, 0.25, 0.0, 0.25, 0.30597014925373134, 0.3157894736842105, 0.21052631578947367, 0.2631578947368421, 0.15789473684210525, 0.26452905811623245, 0.3157894736842105, 0.3157894736842105, 0.21052631578947367, 0.15789473684210525, 0.23, 0.3157894736842105, 0.42105263157894735, 1.0, 0.3157894736842105, 0.4, 0.2631578947368421, 0.3157894736842105, 0.3, 0.2631578947368421, 0.3, 0.21, 0.21052631578947367, 0.28728070175438597, 0.3717948717948718, 0.43478260869565216, 0.15789473684210525, 0.25, 0.25, 0.35, 0.24, 0.3157894736842105, 0.33, 0.20641282565130262, 0.21, 0.23, 0.3888888888888889, 0.42857142857142855, 0.3333333333333333, 0.10526315789473684, 0.3888888888888889, 0.25, 0.22772277227722773, 0.5384615384615384, 0.4117647058823529, 0.3888888888888889, 0.3157894736842105, 0.21052631578947367, 0.2631578947368421, 0.1, 0.3684210526315789, 0.3684210526315789, 0.3888888888888889, 0.41, 0.2985971943887776, 0.2777777777777778, 0.2631578947368421, 1.0, 0.3734015345268542, 0.17647058823529413, 0.5714285714285714, 0.75, 0.3157894736842105, 0.2631578947368421, 0.23246492985971945, 0.5, 0.47368421052631576, 0.2631578947368421, 0.39644970414201186, 0.15, 0.24849699398797595, 0.22289156626506024, 0.21052631578947367, 1.0, 0.21052631578947367, 0.2777777777777778, 1.0, 0.4375, 0.29, 0.33, 0.2777777777777778, 0.41414141414141414, 0.3, 0.3157894736842105, 0.3157894736842105, 0.21052631578947367, 0.2222222222222222, 0.21052631578947367, 0.3066132264529058, 0.3333333333333333, 0.35294117647058826, 0.21052631578947367, 0.3157894736842105, 0.47368421052631576, 0.2777777777777778, 0.26732673267326734, 0.2665330661322645, 0.23232323232323232, 0.2665330661322645, 0.346, 0.21, 0.4, 0.21052631578947367, 0.23529411764705882, 0.25, 0.37142857142857144, 0.40404040404040403, 0.32, 0.2777777777777778, 0.2, 0.3684210526315789, 0.24, 0.5, 0.2631578947368421, 0.3684210526315789, 0.26, 0.22645290581162325, 0.24649298597194388, 0.3157894736842105, 0.2222222222222222, 0.25, 0.21052631578947367, 0.10526315789473684, 0.15789473684210525, 0.2, 0.16666666666666666]
Across score percent breakdown = [0.15, 0.21052631578947367, 0.10526315789473684, 0.21052631578947367, 0.2631578947368421, 0.21052631578947367, 0.3069306930693069, 0.29, 0.25, 0.46534653465346537, 0.4752475247524752, 0.44554455445544555, 0.244, 0.2865731462925852, 0.24649298597194388, 0.48, 0.4919678714859438, 0.408, 0.25, 0.1, 0.2631578947368421, 0.25, 0.3684210526315789, 0.21052631578947367, 0.32, 0.2, 0.35, 0.48514851485148514, 0.3465346534653465, 0.40594059405940597, 0.284, 0.25851703406813625, 0.2545090180360721, 0.488, 0.4288577154308617, 0.46, 0.4, 0.1, 0.2631578947368421, 0.2631578947368421, 0.3157894736842105, 0.15789473684210525, 0.2376237623762376, 0.27, 0.32, 0.504950495049505, 0.51, 0.45544554455445546, 0.27655310621242485, 0.294, 0.2545090180360721, 0.478, 0.5150300601202404, 0.488, 0.15, 0.2, 0.3684210526315789, 0.3157894736842105, 0.21052631578947367, 0.2631578947368421, 0.35, 0.26, 0.21, 0.49504950495049505, 0.46, 0.40594059405940597, 0.25851703406813625, 0.2605210420841683, 0.274, 0.468, 0.464, 0.37, 0.2631578947368421, 0.2, 0.21052631578947367, 0.15789473684210525, 0.42105263157894735, 0.21052631578947367, 0.24752475247524752, 0.27, 0.19801980198019803, 0.42574257425742573, 0.4158415841584158, 0.45544554455445546, 0.238, 0.24448897795591182, 0.20440881763527055, 0.492, 0.4598393574297189, 0.392, 0.3, 0.3, 0.2, 0.3157894736842105, 0.3157894736842105, 0.2631578947368421, 0.29, 0.31, 0.27, 0.43564356435643564, 0.38144329896907214, 0.46534653465346537, 0.2965931863727455, 0.25250501002004005, 0.2124248496993988, 0.47, 0.434, 0.448, 0.25, 0.15789473684210525, 0.21052631578947367, 0.3, 0.2, 0.3157894736842105, 0.33663366336633666, 0.28, 0.25, 0.5544554455445545, 0.37373737373737376, 0.40594059405940597, 0.304, 0.2625250501002004, 0.246, 0.464, 0.45, 0.41, 0.1, 0.21052631578947367, 0.2, 0.21052631578947367, 0.2631578947368421, 0.3157894736842105, 0.3, 0.16, 0.2, 0.38613861386138615, 0.46534653465346537, 0.43564356435643564, 0.292, 0.23046092184368738, 0.33266533066132264, 0.43, 0.4538152610441767, 0.374, 0.15, 0.21052631578947367, 0.2, 0.35, 0.21052631578947367, 0.15, 0.33, 0.23, 0.27, 0.49504950495049505, 0.45454545454545453, 0.46534653465346537, 0.286, 0.276, 0.23, 0.462, 0.412, 0.472, 0.25, 0.4, 0.25, 0.2631578947368421, 0.21052631578947367, 0.21052631578947367, 0.21782178217821782, 0.25, 0.26, 0.38613861386138615, 0.47, 0.3465346534653465, 0.22, 0.2985971943887776, 0.2725450901803607, 0.474, 0.424, 0.424, 0.15, 0.2631578947368421, 0.3684210526315789, 0.10526315789473684, 0.3684210526315789, 0.15789473684210525, 0.297029702970297, 0.3, 0.3465346534653465, 0.3564356435643564, 0.48, 0.44554455445544555, 0.27, 0.266, 0.2545090180360721, 0.49, 0.4028056112224449, 0.396, 0.25, 0.3, 0.10526315789473684, 0.15789473684210525, 0.2631578947368421, 0.3684210526315789, 0.27722772277227725, 0.14, 0.22, 0.45544554455445546, 0.39, 0.38613861386138615, 0.262, 0.2745490981963928, 0.24448897795591182, 0.474, 0.44889779559118237, 0.41, 0.15, 0.3684210526315789, 0.4, 0.3157894736842105, 0.5263157894736842, 0.21052631578947367, 0.297029702970297, 0.297029702970297, 0.2871287128712871, 0.504950495049505, 0.46, 0.4158415841584158, 0.29, 0.224, 0.28256513026052105, 0.48, 0.546, 0.428, 0.2, 0.21052631578947367, 0.3, 0.3684210526315789, 0.21052631578947367, 0.25, 0.3, 0.25, 0.2, 0.49504950495049505, 0.48, 0.43564356435643564, 0.2665330661322645, 0.296, 0.262, 0.516, 0.4468937875751503, 0.416, 0.2631578947368421, 0.15789473684210525, 0.3125, 0.22044088176352705, 0.3157894736842105, 0.20040080160320642, 0.3684210526315789, 0.21052631578947367, 0.3157894736842105, 0.21052631578947367, 0.3684210526315789, 0.25, 0.23446893787575152, 0.3157894736842105, 0.2631578947368421, 0.3333333333333333, 0.3157894736842105, 0.5116279069767442, 0.2222222222222222, 0.3888888888888889, 0.3157894736842105, 0.3157894736842105, 0.3157894736842105, 0.4444444444444444, 0.3157894736842105, 0.3157894736842105, 0.3333333333333333, 0.18236472945891782, 0.21052631578947367, 0.2631578947368421, 0.15789473684210525, 0.5098039215686274, 0.30303030303030304, 0.35, 0.32, 0.2, 0.15789473684210525, 0.3684210526315789, 0.10526315789473684, 0.17857142857142858, 0.2631578947368421, 0.15789473684210525, 0.3684210526315789, 0.15789473684210525, 0.3466933867735471, 0.3157894736842105, 0.2222222222222222, 0.2631578947368421, 0.3684210526315789, 0.21052631578947367, 0.21052631578947367, 0.2725450901803607, 0.35, 0.2757660167130919, 0.2631578947368421, 0.2631578947368421, 0.2631578947368421, 0.3, 0.21052631578947367, 0.3888888888888889, 0.22444889779559118, 0.36787564766839376, 0.2777777777777778, 0.4117647058823529, 0.2222222222222222, 0.3684210526315789, 0.21052631578947367, 0.21052631578947367, 0.25, 0.3333333333333333, 0.15789473684210525, 0.29, 0.10526315789473684, 0.2631578947368421, 0.42105263157894735, 0.21052631578947367, 0.24248496993987975, 0.3157894736842105, 0.22645290581162325, 0.5, 0.23529411764705882, 0.2777777777777778, 0.42105263157894735, 0.21052631578947367, 0.15789473684210525, 0.25, 0.36152219873150104, 0.2864583333333333, 0.3076923076923077, 0.22, 0.2, 0.312625250501002, 0.17234468937875752, 0.2631578947368421, 0.3353413654618474, 0.3157894736842105, 0.4868421052631579, 0.3157894736842105, 0.3, 0.2631578947368421, 0.3157894736842105, 0.3684210526315789, 0.336, 0.15789473684210525, 0.21643286573146292, 0.29411764705882354, 0.3157894736842105, 0.30448717948717946, 0.25, 0.14285714285714285, 0.21052631578947367, 0.2631578947368421, 0.37, 0.29411764705882354, 0.26666666666666666, 0.21052631578947367, 0.25]
