Total side score = 1236
Average side score = 2.88785046729
Side score breakdown = [1, 1, 2, 2, 4, 4, 4, 3, 3, 2, 4, 3, 4, 4, 3, 1, 4, 2, 4, 2, 3, 1, 4, 2, 4, 3, 3, 3, 3, 4, 4, 4, 4, 4, 4, 2, 1, 1, 4, 3, 4, 2, 4, 3, 2, 2, 4, 3, 3, 3, 2, 2, 3, 1, 4, 4, 2, 2, 4, 2, 4, 2, 3, 3, 3, 4, 4, 1, 4, 2, 4, 2, 3, 4, 4, 2, 4, 4, 4, 4, 4, 2, 4, 3, 1, 4, 2, 4, 4, 3, 3, 2, 3, 3, 4, 2, 1, 2, 4, 2, 4, 3, 4, 2, 4, 4, 4, 2, 3, 2, 3, 2, 2, 3, 3, 4, 2, 4, 4, 2, 1, 1, 1, 3, 4, 3, 3, 1, 3, 4, 4, 3, 3, 3, 2, 4, 4, 2, 4, 4, 4, 1, 4, 4, 1, 3, 4, 3, 4, 2, 4, 3, 4, 3, 4, 2, 2, 4, 4, 2, 3, 3, 4, 3, 3, 2, 4, 3, 1, 1, 4, 4, 4, 4, 1, 2, 3, 1, 2, 4, 3, 3, 3, 3, 3, 4, 1, 4, 4, 3, 4, 3, 1, 1, 4, 4, 3, 2, 3, 3, 3, 4, 3, 1, 3, 2, 3, 4, 1, 1, 1, 2, 2, 4, 3, 4, 2, 2, 4, 4, 3, 4, 4, 3, 4, 4, 3, 1, 4, 2, 3, 3, 2, 2, 2, 3, 4, 4, 2, 3, 3, 4, 1, 1, 3, 2, 3, 3, 1, 2, 1, 1, 2, 1, 4, 3, 3, 2, 3, 3, 4, 2, 3, 2, 2, 2, 4, 4, 3, 4, 4, 3, 3, 2, 4, 2, 2, 3, 4, 3, 2, 3, 4, 1, 1, 3, 3, 3, 2, 3, 4, 3, 1, 4, 4, 4, 2, 3, 4, 2, 4, 2, 4, 4, 1, 1, 1, 1, 4, 4, 3, 3, 4, 3, 4, 1, 2, 2, 4, 1, 2, 1, 3, 4, 2, 1, 4, 3, 2, 2, 2, 4, 4, 4, 3, 4, 1, 3, 4, 4, 3, 3, 4, 3, 3, 4, 3, 4, 3, 3, 4, 2, 3, 3, 3, 3, 3, 2, 4, 3, 3, 3, 4, 4, 2, 4, 3, 1, 3, 4, 2, 4, 4, 3, 4, 3, 4, 4, 4, 1, 4, 1, 1, 3, 3, 4, 3, 2, 4, 4, 1, 1, 3, 3, 3, 4, 4, 4, 1, 4, 3, 1, 3, 2, 4, 3, 2, 1, 3, 4, 4, 4, 1, 3, 3, 3, 3, 3, 1, 2, 2, 3, 4, 3, 3, 4, 1, 3]

Total across score = 1201
Average across score = 2.78009259259
Across score breakdown = [1, 2, 4, 4, 4, 3, 4, 4, 2, 4, 3, 4, 2, 3, 4, 2, 1, 1, 1, 1, 4, 3, 4, 3, 4, 4, 1, 1, 3, 4, 2, 4, 4, 4, 2, 4, 4, 4, 2, 4, 2, 1, 3, 3, 3, 3, 2, 4, 4, 3, 3, 4, 3, 4, 4, 2, 3, 4, 3, 2, 4, 4, 4, 3, 3, 3, 2, 1, 3, 2, 3, 2, 4, 2, 3, 4, 2, 4, 4, 2, 2, 3, 3, 2, 3, 2, 3, 3, 1, 3, 3, 1, 3, 4, 2, 3, 2, 4, 2, 4, 4, 3, 4, 1, 1, 2, 2, 1, 4, 2, 2, 3, 3, 1, 3, 3, 3, 4, 2, 2, 4, 4, 1, 3, 4, 3, 2, 3, 1, 4, 2, 4, 3, 3, 3, 4, 4, 1, 3, 3, 4, 4, 3, 3, 3, 2, 3, 4, 4, 2, 2, 2, 1, 2, 3, 3, 4, 2, 4, 4, 3, 1, 1, 3, 2, 4, 2, 3, 4, 3, 4, 4, 2, 2, 2, 4, 3, 4, 4, 3, 3, 4, 4, 4, 3, 3, 2, 3, 4, 2, 4, 3, 2, 4, 4, 1, 4, 3, 4, 4, 4, 4, 1, 3, 4, 4, 4, 3, 4, 4, 1, 1, 4, 3, 4, 3, 3, 1, 4, 1, 2, 3, 3, 4, 3, 2, 2, 2, 2, 4, 4, 4, 2, 3, 1, 1, 4, 4, 3, 2, 3, 2, 4, 1, 4, 3, 4, 3, 4, 4, 4, 2, 4, 4, 3, 3, 2, 3, 1, 1, 4, 2, 2, 4, 3, 3, 4, 4, 4, 3, 3, 2, 4, 1, 3, 3, 4, 2, 4, 2, 3, 1, 2, 4, 4, 4, 3, 4, 4, 1, 4, 3, 4, 3, 3, 4, 2, 2, 1, 3, 4, 4, 3, 3, 1, 1, 3, 1, 3, 3, 3, 4, 3, 2, 4, 3, 3, 2, 1, 4, 1, 4, 3, 3, 2, 4, 2, 4, 1, 1, 3, 1, 3, 3, 2, 4, 1, 2, 2, 2, 2, 1, 2, 2, 2, 2, 1, 4, 3, 1, 2, 2, 4, 2, 2, 1, 3, 2, 2, 1, 4, 4, 2, 3, 1, 2, 3, 4, 2, 2, 1, 4, 2, 3, 2, 2, 2, 2, 1, 4, 1, 3, 4, 2, 2, 2, 2, 2, 3, 2, 2, 3, 2, 2, 4, 2, 1, 4, 4, 3, 4, 2, 2, 4, 1, 2, 2, 4, 2, 1, 4, 4, 4, 3, 2, 2, 2, 2, 2, 2, 2, 3, 2, 2, 4, 3, 1, 2, 4, 3, 2, 2]

Side score avg percent = 0.282302122324
Across score avg percent = 0.274027543083
Side score percent breakdown = [0.15, 0.15789473684210525, 0.21052631578947367, 0.21052631578947367, 0.3069306930693069, 0.3069306930693069, 0.46534653465346537, 0.29, 0.244, 0.278, 0.48, 0.29458917835671344, 0.25, 0.3157894736842105, 0.25, 0.05263157894736842, 0.32, 0.22, 0.48514851485148514, 0.2, 0.284, 0.086, 0.488, 0.2625250501002004, 0.4, 0.2631578947368421, 0.2631578947368421, 0.25, 0.2376237623762376, 0.3, 0.504950495049505, 0.39, 0.27655310621242485, 0.2905811623246493, 0.478, 0.2565130260521042, 0.15, 0.10526315789473684, 0.3157894736842105, 0.3157894736842105, 0.35, 0.2, 0.49504950495049505, 0.29, 0.25851703406813625, 0.24649298597194388, 0.468, 0.276, 0.2631578947368421, 0.2631578947368421, 0.15789473684210525, 0.21052631578947367, 0.24752475247524752, 0.18, 0.42574257425742573, 0.36633663366336633, 0.238, 0.2665330661322645, 0.492, 0.2605210420841683, 0.3, 0.21052631578947367, 0.3157894736842105, 0.2631578947368421, 0.29, 0.34, 0.43564356435643564, 0.21, 0.2965931863727455, 0.232, 0.47, 0.27054108216432865, 0.25, 0.3, 0.3, 0.21052631578947367, 0.33663366336633666, 0.34, 0.5544554455445545, 0.3, 0.304, 0.2565130260521042, 0.464, 0.2965931863727455, 0.1, 0.3157894736842105, 0.21052631578947367, 0.3157894736842105, 0.3, 0.297029702970297, 0.38613861386138615, 0.22, 0.292, 0.280561122244489, 0.43, 0.2665330661322645, 0.15, 0.25, 0.35, 0.21052631578947367, 0.33, 0.27, 0.49504950495049505, 0.25, 0.286, 0.34468937875751504, 0.462, 0.2605210420841683, 0.25, 0.15789473684210525, 0.2631578947368421, 0.2, 0.21782178217821782, 0.2871287128712871, 0.38613861386138615, 0.3, 0.22, 0.280561122244489, 0.474, 0.24649298597194388, 0.15, 0.10526315789473684, 0.10526315789473684, 0.2631578947368421, 0.297029702970297, 0.3, 0.3564356435643564, 0.21, 0.27, 0.3046092184368738, 0.49, 0.3046092184368738, 0.25, 0.2631578947368421, 0.15789473684210525, 0.2631578947368421, 0.27722772277227725, 0.17, 0.45544554455445546, 0.33, 0.262, 0.19438877755511022, 0.474, 0.29458917835671344, 0.15, 0.2631578947368421, 0.3157894736842105, 0.25, 0.297029702970297, 0.22, 0.504950495049505, 0.2871287128712871, 0.29, 0.262, 0.48, 0.1903807615230461, 0.2, 0.3157894736842105, 0.3684210526315789, 0.21052631578947367, 0.3, 0.3, 0.49504950495049505, 0.26, 0.2665330661322645, 0.24448897795591182, 0.516, 0.30060120240480964, 0.15789473684210525, 0.21052631578947367, 0.3157894736842105, 0.47368421052631576, 0.3684210526315789, 0.3181818181818182, 0.1, 0.2631578947368421, 0.2665330661322645, 0.20040080160320642, 0.22044088176352705, 0.3684210526315789, 0.21052631578947367, 0.25100401606425704, 0.23529411764705882, 0.2631578947368421, 0.3157894736842105, 0.3157894736842105, 0.2, 0.40816326530612246, 0.42105263157894735, 0.280561122244489, 0.3684210526315789, 0.3157894736842105, 0.16666666666666666, 0.2, 0.3157894736842105, 0.3157894736842105, 0.3157894736842105, 0.21052631578947367, 0.29411764705882354, 0.2631578947368421, 0.3157894736842105, 0.3157894736842105, 0.3157894736842105, 0.21052631578947367, 0.2631578947368421, 0.2631578947368421, 0.29, 0.3684210526315789, 0.21052631578947367, 0.18236472945891782, 0.15789473684210525, 0.21052631578947367, 0.21052631578947367, 0.2777777777777778, 0.29411764705882354, 0.3684210526315789, 0.15789473684210525, 0.17647058823529413, 0.3333333333333333, 0.3157894736842105, 0.2631578947368421, 0.3157894736842105, 0.3157894736842105, 0.35294117647058826, 1.0, 0.29411764705882354, 0.27, 0.15789473684210525, 0.3684210526315789, 0.21, 0.26, 0.2631578947368421, 0.21052631578947367, 0.16666666666666666, 0.2, 0.2631578947368421, 0.47368421052631576, 0.30612244897959184, 0.15, 0.26, 0.2, 0.42105263157894735, 0.16666666666666666, 0.214, 0.2777777777777778, 0.16666666666666666, 0.2631578947368421, 0.2631578947368421, 0.15789473684210525, 0.21052631578947367, 0.20040080160320642, 0.21052631578947367, 0.1111111111111111, 0.42105263157894735, 0.2631578947368421, 0.2631578947368421, 0.19736842105263158, 0.2222222222222222, 0.2631578947368421, 0.3684210526315789, 0.21052631578947367, 0.2777777777777778, 0.21052631578947367, 0.21052631578947367, 0.15789473684210525, 0.35, 0.4375, 0.2222222222222222, 0.3684210526315789, 0.32098765432098764, 0.2757660167130919, 0.25, 0.21212121212121213, 0.3333333333333333, 0.2222222222222222, 0.21052631578947367, 0.2631578947368421, 0.3888888888888889, 0.32, 0.25, 0.3157894736842105, 0.3157894736842105, 0.21052631578947367, 0.15789473684210525, 0.3534136546184739, 0.2631578947368421, 0.2545090180360721, 0.23647294589178355, 0.2777777777777778, 0.3157894736842105, 0.2631578947368421, 0.16666666666666666, 0.3684210526315789, 0.35294117647058826, 0.4117647058823529, 0.23529411764705882, 0.2631578947368421, 0.3157894736842105, 0.21052631578947367, 0.3157894736842105, 0.21052631578947367, 0.3157894736842105, 0.3684210526315789, 0.21442885771543085, 0.11222444889779559, 0.22244488977955912, 0.21052631578947367, 0.3684210526315789, 0.29, 0.2631578947368421, 0.2631578947368421, 0.3684210526315789, 0.2631578947368421, 0.3888888888888889, 0.21052631578947367, 0.25, 0.2222222222222222, 0.42105263157894735, 0.15789473684210525, 0.2222222222222222, 0.15789473684210525, 0.2631578947368421, 0.3333333333333333, 0.23, 0.1919191919191919, 0.3717948717948718, 0.2631578947368421, 0.23809523809523808, 0.21052631578947367, 0.21052631578947367, 0.3157894736842105, 0.28313253012048195, 0.3684210526315789, 0.2631578947368421, 0.42857142857142855, 0.20240480961923848, 0.2631578947368421, 0.3346693386773547, 0.3333333333333333, 0.2631578947368421, 0.26452905811623245, 0.3, 0.29, 0.2631578947368421, 0.42857142857142855, 0.3333333333333333, 0.42105263157894735, 0.2777777777777778, 0.26, 0.3673469387755102, 0.2222222222222222, 0.21052631578947367, 0.2777777777777778, 0.2777777777777778, 0.23529411764705882, 0.2631578947368421, 0.21052631578947367, 0.3, 0.3157894736842105, 0.3157894736842105, 0.2631578947368421, 0.42105263157894735, 0.3684210526315789, 0.21052631578947367, 0.27850877192982454, 0.2631578947368421, 0.16666666666666666, 0.3165322580645161, 0.2943722943722944, 0.23076923076923078, 0.2745490981963928, 0.4, 0.32323232323232326, 0.3157894736842105, 0.3157894736842105, 0.2777777777777778, 0.4444444444444444, 0.2725450901803607, 0.15, 0.312625250501002, 0.17234468937875752, 0.15789473684210525, 0.2916666666666667, 0.3353413654618474, 0.3684210526315789, 0.2631578947368421, 0.21052631578947367, 0.3157894736842105, 0.35, 0.2, 0.21052631578947367, 0.2631578947368421, 0.3157894736842105, 0.254, 0.3684210526315789, 0.35294117647058826, 0.42105263157894735, 0.16666666666666666, 0.3, 0.26732673267326734, 0.15789473684210525, 0.2631578947368421, 0.0, 0.47368421052631576, 0.2631578947368421, 0.26262626262626265, 0.21643286573146292, 0.29411764705882354, 0.3157894736842105, 0.40404040404040403, 0.3, 0.21052631578947367, 0.25, 0.2777777777777778, 0.2222222222222222, 0.2777777777777778, 0.24448897795591182, 0.15789473684210525, 0.23529411764705882, 0.27, 0.29411764705882354, 0.28, 0.21052631578947367, 0.3, 0.3157894736842105, 0.21052631578947367, 0.3157894736842105]
Across score percent breakdown = [0.2, 0.21052631578947367, 0.3157894736842105, 0.3684210526315789, 0.47368421052631576, 0.2631578947368421, 0.35, 0.42105263157894735, 0.23, 0.33, 0.3, 0.32673267326732675, 0.29, 0.33, 0.38, 0.29, 0.20440881763527055, 0.238, 0.10420841683366733, 0.20240480961923848, 0.414, 0.31462925851703405, 0.342685370741483, 0.30861723446893785, 0.3684210526315789, 0.3684210526315789, 0.10526315789473684, 0.10526315789473684, 0.3157894736842105, 0.3684210526315789, 0.21052631578947367, 0.3684210526315789, 0.39, 0.31, 0.2, 0.33, 0.35, 0.36, 0.26, 0.33, 0.250501002004008, 0.232, 0.20040080160320642, 0.2545090180360721, 0.32665330661322645, 0.35671342685370744, 0.26104417670682734, 0.3466933867735471, 0.3684210526315789, 0.21052631578947367, 0.2631578947368421, 0.3157894736842105, 0.2631578947368421, 0.47368421052631576, 0.3684210526315789, 0.2, 0.25, 0.27722772277227725, 0.24752475247524752, 0.22, 0.43, 0.45, 0.32673267326732675, 0.33, 0.2605210420841683, 0.24448897795591182, 0.23647294589178355, 0.1683366733466934, 0.32064128256513025, 0.2925851703406814, 0.312625250501002, 0.2985971943887776, 0.2631578947368421, 0.21052631578947367, 0.21052631578947367, 0.3157894736842105, 0.15789473684210525, 0.3684210526315789, 0.2631578947368421, 0.21052631578947367, 0.26, 0.25, 0.2376237623762376, 0.18, 0.31683168316831684, 0.3, 0.28, 0.31, 0.20040080160320642, 0.25250501002004005, 0.23847695390781562, 0.20240480961923848, 0.32665330661322645, 0.33, 0.28256513026052105, 0.3112449799196787, 0.21052631578947367, 0.3157894736842105, 0.2631578947368421, 0.3157894736842105, 0.2631578947368421, 0.2631578947368421, 0.3684210526315789, 0.15789473684210525, 0.19801980198019803, 0.22772277227722773, 0.23, 0.2079207920792079, 0.32, 0.29, 0.28, 0.33, 0.27655310621242485, 0.2124248496993988, 0.25851703406813625, 0.274, 0.33867735470941884, 0.32064128256513025, 0.24248496993987975, 0.2925851703406814, 0.42105263157894735, 0.3684210526315789, 0.10526315789473684, 0.2631578947368421, 0.3157894736842105, 0.2631578947368421, 0.2631578947368421, 0.3157894736842105, 0.19, 0.31, 0.24, 0.32, 0.31, 0.2871287128712871, 0.32673267326732675, 0.34, 0.25250501002004005, 0.178, 0.26452905811623245, 0.264, 0.3466933867735471, 0.3186372745490982, 0.3253012048192771, 0.3226452905811623, 0.2631578947368421, 0.2, 0.2631578947368421, 0.42105263157894735, 0.2631578947368421, 0.21052631578947367, 0.2631578947368421, 0.21052631578947367, 0.21, 0.24752475247524752, 0.21, 0.25, 0.34, 0.31, 0.37, 0.32, 0.2665330661322645, 0.218, 0.208, 0.2685370741482966, 0.27655310621242485, 0.33266533066132264, 0.280561122244489, 0.3026052104208417, 0.2631578947368421, 0.2631578947368421, 0.3157894736842105, 0.3157894736842105, 0.21052631578947367, 0.15789473684210525, 0.15789473684210525, 0.3157894736842105, 0.25, 0.31683168316831684, 0.32, 0.27, 0.32, 0.47, 0.32, 0.31, 0.254, 0.254, 0.24649298597194388, 0.27054108216432865, 0.3046092184368738, 0.302, 0.3106212424849699, 0.2985971943887776, 0.21052631578947367, 0.42105263157894735, 0.42105263157894735, 0.15789473684210525, 0.2631578947368421, 0.2631578947368421, 0.2631578947368421, 0.3684210526315789, 0.29, 0.3, 0.19, 0.24, 0.38, 0.37, 0.37, 0.32, 0.2865731462925852, 0.268, 0.152, 0.19438877755511022, 0.3306613226452906, 0.3166332665330661, 0.3587174348697395, 0.3226452905811623, 0.21052631578947367, 0.10526315789473684, 0.3157894736842105, 0.15789473684210525, 0.21052631578947367, 0.25, 0.2631578947368421, 0.3157894736842105, 0.26732673267326734, 0.24, 0.22, 0.22, 0.29, 0.34, 0.4, 0.33663366336633666, 0.23647294589178355, 0.23647294589178355, 0.17635270541082165, 0.18837675350701402, 0.45691382765531063, 0.312625250501002, 0.30861723446893785, 0.278, 0.21052631578947367, 0.21052631578947367, 0.3684210526315789, 0.21052631578947367, 0.3157894736842105, 0.2, 0.42105263157894735, 0.2631578947368421, 0.3, 0.32, 0.3, 0.22772277227722773, 0.35, 0.41, 0.29, 0.32, 0.23647294589178355, 0.2565130260521042, 0.174, 0.23446893787575152, 0.342685370741483, 0.29458917835671344, 0.26, 0.34468937875751504, 0.2631578947368421, 0.2631578947368421, 0.2631578947368421, 0.3684210526315789, 0.3157894736842105, 0.35, 0.3684210526315789, 0.21052631578947367, 0.3, 0.21, 0.29, 0.26732673267326734, 0.29, 0.24, 0.38, 0.25, 0.302, 0.218436873747495, 0.18236472945891782, 0.30060120240480964, 0.3226452905811623, 0.404, 0.3286573146292585, 0.33867735470941884, 0.2631578947368421, 0.15, 0.3, 0.25, 0.2631578947368421, 0.21052631578947367, 0.3157894736842105, 0.3684210526315789, 0.24, 0.25, 0.2, 0.29, 0.38, 0.33, 0.38, 0.31, 0.17034068136272545, 0.11623246492985972, 0.2685370741482966, 0.11623246492985972, 0.32, 0.3406813627254509, 0.3306613226452906, 0.3486973947895792, 0.21052631578947367, 0.21052631578947367, 0.3157894736842105, 0.2631578947368421, 0.2631578947368421, 0.15789473684210525, 0.21052631578947367, 0.3684210526315789, 0.21782178217821782, 0.27, 0.27722772277227725, 0.26, 0.29, 0.4, 0.27, 0.39, 0.214, 0.20440881763527055, 0.25250501002004005, 0.21, 0.3253012048192771, 0.3172690763052209, 0.28857715430861725, 0.34468937875751504, 0.15789473684210525, 0.21052631578947367, 0.21052631578947367, 0.2, 0.21052631578947367, 0.1111111111111111, 0.23529411764705882, 0.250501002004008, 0.15789473684210525, 0.21052631578947367, 0.21052631578947367, 0.3888888888888889, 0.2631578947368421, 0.21052631578947367, 0.2, 0.2222222222222222, 0.47058823529411764, 0.2631578947368421, 0.2222222222222222, 0.15789473684210525, 0.2828282828282828, 0.21052631578947367, 0.21052631578947367, 0.16666666666666666, 0.33, 0.2631578947368421, 0.21052631578947367, 0.2631578947368421, 0.15, 0.2631578947368421, 0.2565130260521042, 0.3888888888888889, 0.2631578947368421, 0.21052631578947367, 0.10526315789473684, 0.3054892601431981, 0.2808988764044944, 0.2631578947368421, 0.2, 0.26666666666666666, 0.2222222222222222, 0.10526315789473684, 0.42105263157894735, 0.10526315789473684, 0.27, 0.3157894736842105, 0.26, 0.21052631578947367, 0.21052631578947367, 0.28728070175438597, 0.2631578947368421, 0.29518072289156627, 0.16666666666666666, 0.24, 0.2828282828282828, 0.21052631578947367, 0.2777777777777778, 0.3157894736842105, 0.21052631578947367, 0.1, 0.3684210526315789, 0.3157894736842105, 0.41, 0.2665094339622642, 0.17647058823529413, 0.2777777777777778, 0.202, 0.22444889779559118, 0.21052631578947367, 0.3333333333333333, 0.2222222222222222, 0.21052631578947367, 0.4375, 0.29, 0.33, 0.3125, 0.21052631578947367, 0.2124248496993988, 0.21052631578947367, 0.2545090180360721, 0.2631578947368421, 0.23232323232323232, 0.21052631578947367, 0.2845691382765531, 0.23529411764705882, 0.25, 0.37142857142857144, 0.1111111111111111, 0.24, 0.3684210526315789, 0.3157894736842105, 0.15789473684210525, 0.21052631578947367]
