Total side score = 1303
Average side score = 3.02320185615
Side score breakdown = [2, 1, 2, 3, 4, 3, 3, 2, 4, 4, 2, 3, 4, 1, 1, 4, 4, 3, 1, 4, 4, 4, 3, 4, 1, 4, 4, 3, 4, 4, 3, 2, 1, 4, 3, 3, 2, 4, 3, 4, 3, 4, 2, 3, 4, 4, 4, 4, 4, 3, 3, 4, 3, 2, 2, 4, 2, 2, 2, 4, 3, 2, 3, 4, 3, 2, 2, 1, 3, 4, 3, 4, 2, 2, 4, 4, 4, 3, 4, 1, 2, 3, 4, 2, 2, 3, 1, 4, 3, 4, 4, 4, 4, 4, 4, 3, 3, 1, 4, 3, 3, 3, 3, 4, 1, 4, 4, 4, 1, 3, 2, 2, 4, 2, 4, 1, 2, 3, 4, 2, 3, 3, 1, 4, 2, 4, 2, 4, 3, 3, 2, 2, 1, 3, 4, 4, 3, 4, 2, 3, 3, 4, 4, 2, 2, 2, 4, 3, 4, 3, 2, 4, 4, 4, 4, 4, 4, 4, 4, 4, 4, 3, 4, 3, 1, 2, 2, 3, 2, 3, 2, 4, 2, 4, 4, 2, 3, 4, 4, 4, 4, 3, 2, 4, 4, 3, 4, 4, 4, 4, 4, 4, 3, 2, 3, 3, 4, 2, 3, 3, 3, 4, 4, 3, 1, 4, 1, 3, 4, 2, 3, 3, 1, 4, 4, 4, 4, 4, 1, 4, 4, 3, 4, 2, 2, 4, 4, 4, 1, 1, 1, 4, 3, 3, 2, 3, 2, 2, 3, 2, 2, 1, 4, 4, 2, 4, 4, 1, 1, 4, 3, 3, 1, 1, 2, 4, 3, 2, 3, 2, 3, 4, 3, 3, 4, 2, 3, 3, 4, 1, 3, 3, 2, 2, 3, 3, 4, 3, 2, 3, 3, 4, 3, 4, 4, 4, 3, 3, 2, 2, 4, 2, 3, 4, 3, 2, 4, 4, 3, 4, 2, 3, 3, 2, 2, 4, 4, 2, 3, 3, 3, 3, 3, 4, 2, 1, 3, 3, 3, 2, 3, 4, 3, 4, 3, 2, 3, 4, 3, 4, 4, 4, 2, 3, 3, 2, 4, 3, 4, 2, 2, 3, 3, 4, 3, 3, 3, 4, 3, 4, 2, 1, 3, 3, 4, 2, 3, 4, 3, 4, 2, 2, 4, 3, 2, 4, 3, 3, 4, 3, 4, 2, 3, 2, 2, 3, 4, 3, 4, 4, 2, 4, 2, 3, 2, 4, 4, 1, 2, 3, 3, 4, 4, 4, 2, 4, 4, 4, 4, 4, 3, 3, 4, 3, 3, 3, 3, 3, 2, 3, 4, 3, 4, 4, 3, 4, 3, 4, 3, 4, 3, 4, 3, 4, 4, 3, 3, 2, 3, 2, 1]

Total across score = 937
Average across score = 2.83939393939
Across score breakdown = [2, 2, 1, 2, 3, 2, 3, 4, 4, 3, 3, 3, 4, 2, 2, 3, 3, 3, 3, 1, 4, 4, 4, 1, 3, 3, 2, 4, 4, 2, 3, 4, 1, 2, 4, 2, 1, 1, 3, 4, 2, 3, 1, 4, 4, 3, 4, 4, 4, 4, 4, 3, 3, 2, 2, 2, 1, 3, 4, 3, 2, 3, 2, 3, 3, 3, 3, 4, 2, 3, 3, 3, 4, 1, 3, 2, 3, 2, 2, 2, 1, 4, 4, 4, 4, 3, 2, 3, 4, 2, 3, 3, 2, 4, 2, 3, 4, 4, 4, 3, 4, 1, 3, 3, 2, 3, 3, 2, 4, 3, 4, 2, 4, 2, 3, 4, 4, 3, 3, 4, 3, 2, 2, 3, 3, 3, 4, 3, 4, 4, 2, 4, 3, 2, 3, 4, 3, 2, 3, 3, 3, 3, 3, 2, 4, 2, 2, 4, 3, 2, 4, 3, 3, 4, 4, 2, 3, 2, 4, 3, 3, 2, 2, 1, 2, 3, 3, 2, 4, 4, 3, 3, 2, 4, 3, 1, 4, 3, 3, 2, 4, 4, 1, 4, 2, 3, 4, 3, 3, 3, 3, 1, 4, 1, 4, 3, 3, 3, 2, 1, 3, 3, 4, 4, 1, 3, 2, 3, 2, 4, 2, 4, 1, 3, 3, 4, 2, 3, 3, 3, 3, 3, 4, 3, 2, 4, 3, 3, 4, 2, 3, 4, 3, 2, 3, 4, 4, 3, 1, 2, 4, 1, 3, 3, 3, 3, 3, 2, 2, 3, 4, 3, 1, 2, 4, 2, 4, 2, 2, 4, 3, 1, 3, 2, 4, 1, 4, 2, 2, 2, 4, 4, 2, 2, 2, 2, 3, 2, 2, 2, 2, 4, 2, 4, 2, 1, 2, 4, 4, 2, 2, 4, 2, 4, 2, 2, 2, 4, 4, 4, 4, 2, 4, 2, 1, 3, 2, 2, 2, 4, 3, 4, 4, 2, 4, 2, 2, 3, 2, 3, 4, 2, 4, 4, 2, 2, 2, 2, 4, 2]

Side score avg percent = 0.285120495649
Across score avg percent = 0.259874380828
Side score percent breakdown = [0.2222222222222222, 0.25, 0.2222222222222222, 0.23809523809523808, 0.375, 0.22727272727272727, 0.28431372549019607, 0.22549019607843138, 0.3055555555555556, 0.4528301886792453, 0.3333333333333333, 0.3173076923076923, 0.2826086956521739, 0.2125, 0.2337917485265226, 0.46577946768060835, 0.36507936507936506, 0.3158953722334004, 0.11764705882352941, 0.35, 0.30434782608695654, 0.3181818181818182, 0.2857142857142857, 0.3181818181818182, 0.20618556701030927, 0.3305084745762712, 0.30392156862745096, 0.3645833333333333, 0.3333333333333333, 0.34951456310679613, 0.2600806451612903, 0.25201612903225806, 0.23061630218687873, 0.4340770791075051, 0.32796780684104626, 0.3595959595959596, 0.125, 0.30434782608695654, 0.2, 0.3157894736842105, 0.25, 0.36, 0.25471698113207547, 0.24271844660194175, 0.2413793103448276, 0.46788990825688076, 0.37719298245614036, 0.3879310344827586, 0.29282868525896416, 0.26156941649899396, 0.2435129740518962, 0.47155963302752296, 0.3193612774451098, 0.3133047210300429, 0.2222222222222222, 0.2631578947368421, 0.21052631578947367, 0.25, 0.2, 0.3181818181818182, 0.2736842105263158, 0.23853211009174313, 0.24752475247524752, 0.42990654205607476, 0.3368421052631579, 0.2803738317757009, 0.26476578411405294, 0.2053388090349076, 0.25250501002004005, 0.44274809160305345, 0.31712062256809337, 0.3319919517102616, 0.2, 0.2, 0.2727272727272727, 0.38095238095238093, 0.21739130434782608, 0.22727272727272727, 0.27835051546391754, 0.20618556701030927, 0.24468085106382978, 0.4077669902912621, 0.32323232323232326, 0.3118279569892473, 0.24596774193548387, 0.27380952380952384, 0.212, 0.4386973180076628, 0.325626204238921, 0.3305785123966942, 0.2608695652173913, 0.38095238095238093, 0.3333333333333333, 0.2857142857142857, 0.3, 0.21739130434782608, 0.29523809523809524, 0.20430107526881722, 0.3069306930693069, 0.33636363636363636, 0.3229166666666667, 0.29, 0.25609756097560976, 0.25149700598802394, 0.19017094017094016, 0.41811175337186895, 0.337890625, 0.32581967213114754, 0.1875, 0.2777777777777778, 0.2, 0.21052631578947367, 0.25, 0.19047619047619047, 0.28865979381443296, 0.23076923076923078, 0.2403846153846154, 0.3894736842105263, 0.3238095238095238, 0.3263157894736842, 0.2635814889336016, 0.26129666011787817, 0.2210953346855984, 0.43103448275862066, 0.2827868852459016, 0.32421875, 0.2222222222222222, 0.2777777777777778, 0.25, 0.2631578947368421, 0.21052631578947367, 0.14285714285714285, 0.1839080459770115, 0.25, 0.29357798165137616, 0.4519230769230769, 0.32653061224489793, 0.3821138211382114, 0.2366255144032922, 0.2475633528265107, 0.25349301397205587, 0.44313725490196076, 0.2992125984251969, 0.3132780082987552, 0.26666666666666666, 0.19047619047619047, 0.38095238095238093, 0.2222222222222222, 0.23809523809523808, 0.25, 0.24468085106382978, 0.2636363636363636, 0.2912621359223301, 0.44554455445544555, 0.3275862068965517, 0.32456140350877194, 0.26744186046511625, 0.2729007633587786, 0.26534653465346536, 0.4153225806451613, 0.32608695652173914, 0.3038461538461538, 0.4, 0.21052631578947367, 0.1, 0.21052631578947367, 0.2, 0.23809523809523808, 0.24509803921568626, 0.25961538461538464, 0.24489795918367346, 0.46534653465346537, 0.31521739130434784, 0.3300970873786408, 0.28875968992248063, 0.23694779116465864, 0.24032586558044808, 0.4380165289256198, 0.4049733570159858, 0.3076923076923077, 0.2631578947368421, 0.2, 0.21052631578947367, 0.3181818181818182, 0.2727272727272727, 0.2222222222222222, 0.3125, 0.28846153846153844, 0.3106796116504854, 0.46153846153846156, 0.3333333333333333, 0.3445378151260504, 0.2665330661322645, 0.2309197651663405, 0.2544731610337972, 0.41875, 0.3569937369519833, 0.3075313807531381, 0.2857142857142857, 0.25, 0.22727272727272727, 0.23809523809523808, 0.2857142857142857, 0.30434782608695654, 0.15217391304347827, 0.3191489361702128, 0.23333333333333334, 0.40625, 0.28431372549019607, 0.27906976744186046, 0.2707509881422925, 0.27355072463768115, 0.218436873747495, 0.42829827915869984, 0.3226452905811623, 0.37407407407407406, 0.3684210526315789, 0.23809523809523808, 0.23076923076923078, 0.45454545454545453, 0.23809523809523808, 0.2222222222222222, 0.28846153846153844, 0.23300970873786409, 0.24509803921568626, 0.41818181818181815, 0.35514018691588783, 0.32038834951456313, 0.2222222222222222, 0.18008474576271186, 0.1303370786516854, 0.48063380281690143, 0.3333333333333333, 0.32945736434108525, 0.2, 0.23529411764705882, 0.21052631578947367, 0.21052631578947367, 0.25, 0.17647058823529413, 0.25252525252525254, 0.2391304347826087, 0.25471698113207547, 0.4485981308411215, 0.32222222222222224, 0.38461538461538464, 0.2787193973634652, 0.22107438016528927, 0.2125, 0.45979381443298967, 0.324, 0.32510288065843623, 0.2, 0.19047619047619047, 0.032, 0.35714285714285715, 0.22727272727272727, 0.23636363636363636, 0.043478260869565216, 0.30864197530864196, 0.2716297786720322, 0.2857142857142857, 0.28169014084507044, 0.2727272727272727, 0.3684210526315789, 0.025210084033613446, 0.3, 0.3, 0.36363636363636365, 0.04975124378109453, 0.3125, 0.2777777777777778, 0.2, 0.2, 0.22727272727272727, 0.23529411764705882, 0.3333333333333333, 0.2777777777777778, 0.21052631578947367, 0.3157894736842105, 0.3, 0.35, 0.2857142857142857, 1.0, 1.0, 0.6, 0.3157894736842105, 0.3411764705882353, 0.21052631578947367, 0.04672897196261682, 0.3157894736842105, 0.2222222222222222, 0.3, 0.3888888888888889, 0.29411764705882354, 0.31297709923664124, 0.3888888888888889, 0.2, 0.3373493975903614, 0.25, 0.26666666666666666, 0.32608695652173914, 0.3333333333333333, 0.2, 0.10256410256410256, 0.3090909090909091, 0.3333333333333333, 0.19047619047619047, 0.05084745762711865, 0.3157894736842105, 0.29545454545454547, 0.2777777777777778, 0.25, 0.375, 0.15, 1.0, 0.34065934065934067, 0.3125, 0.29411764705882354, 0.042735042735042736, 0.3769063180827887, 0.43333333333333335, 0.3157894736842105, 0.3157894736842105, 0.1276595744680851, 0.28728070175438597, 0.16216216216216217, 0.06722689075630252, 0.3333333333333333, 0.3466981132075472, 0.3837953091684435, 0.04878048780487805, 0.23809523809523808, 0.3, 0.3157894736842105, 0.31264367816091954, 0.35, 0.34782608695652173, 0.2972972972972973, 0.1875, 0.25, 0.2777777777777778, 0.25, 0.35, 0.3333333333333333, 0.053763440860215055, 0.05263157894736842, 0.3888888888888889, 0.15625, 0.35, 0.11428571428571428, 0.15789473684210525, 0.29411764705882354, 0.3125, 0.4444444444444444, 0.23529411764705882, 0.2777777777777778, 0.3333333333333333, 0.2777777777777778, 0.16666666666666666, 0.29195402298850576, 0.07407407407407407, 0.07377049180327869, 0.3261802575107296, 0.25, 0.3157894736842105, 0.32954545454545453, 0.35294117647058826, 0.4, 0.375, 0.3684210526315789, 0.21052631578947367, 0.26804123711340205, 0.24489795918367346, 0.1111111111111111, 0.3333333333333333, 0.35294117647058826, 0.2631578947368421, 0.19672131147540983, 0.35294117647058826, 0.2, 0.010416666666666666, 0.03787878787878788, 0.1875, 0.2222222222222222, 0.0603448275862069, 0.2, 0.2, 0.0392156862745098, 0.2777777777777778, 0.25, 0.43023255813953487, 0.2, 0.3299492385786802, 0.2631578947368421, 0.4375, 0.16666666666666666, 0.48366013071895425, 0.22580645161290322, 0.3684210526315789, 0.3333333333333333, 0.3182957393483709, 0.3888888888888889, 0.25, 0.35, 0.29411764705882354, 0.2765957446808511, 0.33532934131736525, 0.0, 0.33649289099526064, 0.3888888888888889, 0.26156941649899396, 0.2692307692307692, 0.3673469387755102, 0.3269230769230769, 0.35294117647058826, 0.25, 0.375, 0.4117647058823529, 0.3855421686746988, 0.2631578947368421, 0.35, 0.09090909090909091, 0.32323232323232326, 0.40638297872340423, 0.26666666666666666, 0.3228346456692913, 0.25, 0.29411764705882354, 0.3076923076923077, 0.2]
Across score percent breakdown = [0.19047619047619047, 0.2, 0.15789473684210525, 0.21052631578947367, 0.3157894736842105, 0.18181818181818182, 0.2872340425531915, 0.28846153846153844, 0.29245283018867924, 0.3431372549019608, 0.30392156862745096, 0.25892857142857145, 0.2589118198874296, 0.25256673511293637, 0.2813765182186235, 0.34468937875751504, 0.3452157598499062, 0.279467680608365, 0.22727272727272727, 0.1, 0.2727272727272727, 0.2727272727272727, 0.32, 0.0625, 0.2647058823529412, 0.25263157894736843, 0.23404255319148937, 0.3917525773195876, 0.37735849056603776, 0.21505376344086022, 0.24586776859504134, 0.2771317829457364, 0.10336538461538461, 0.281947261663286, 0.36813186813186816, 0.26464646464646463, 0.2, 0.2, 0.22727272727272727, 0.30434782608695654, 0.2222222222222222, 0.2631578947368421, 0.2247191011235955, 0.2727272727272727, 0.2912621359223301, 0.3113207547169811, 0.4205607476635514, 0.3611111111111111, 0.30174081237911027, 0.2762096774193548, 0.28487229862475444, 0.33984375, 0.3340080971659919, 0.25963488843813387, 0.2, 0.21052631578947367, 0.125, 0.25, 0.25, 0.24, 0.24210526315789474, 0.26595744680851063, 0.21505376344086022, 0.3113207547169811, 0.3069306930693069, 0.29292929292929293, 0.23877551020408164, 0.34095238095238095, 0.2450199203187251, 0.31992337164750956, 0.34189723320158105, 0.27435387673956263, 0.2727272727272727, 0.19047619047619047, 0.29411764705882354, 0.19047619047619047, 0.25, 0.21052631578947367, 0.25742574257425743, 0.24242424242424243, 0.20930232558139536, 0.3486238532110092, 0.32075471698113206, 0.3274336283185841, 0.2716297786720322, 0.2514851485148515, 0.26814516129032256, 0.32854209445585214, 0.35940409683426444, 0.2691511387163561, 0.2631578947368421, 0.22727272727272727, 0.25, 0.3181818181818182, 0.21052631578947367, 0.23809523809523808, 0.32407407407407407, 0.28125, 0.3469387755102041, 0.3364485981308411, 0.36283185840707965, 0.21875, 0.27479338842975204, 0.27345309381237526, 0.2396694214876033, 0.35039370078740156, 0.32727272727272727, 0.2716297786720322, 0.3157894736842105, 0.2631578947368421, 0.2727272727272727, 0.19047619047619047, 0.2916666666666667, 0.19047619047619047, 0.26851851851851855, 0.308411214953271, 0.3177570093457944, 0.35185185185185186, 0.32653061224489793, 0.2777777777777778, 0.26326530612244897, 0.25260960334029225, 0.27645788336933047, 0.3346534653465347, 0.366412213740458, 0.2901960784313726, 0.3, 0.23809523809523808, 0.2727272727272727, 0.2857142857142857, 0.15, 0.2857142857142857, 0.2631578947368421, 0.2553191489361702, 0.297029702970297, 0.36036036036036034, 0.30526315789473685, 0.23655913978494625, 0.2826086956521739, 0.2843866171003718, 0.2959830866807611, 0.361376673040153, 0.31746031746031744, 0.2708757637474542, 0.2727272727272727, 0.18181818181818182, 0.21739130434782608, 0.3333333333333333, 0.22727272727272727, 0.2222222222222222, 0.33035714285714285, 0.25555555555555554, 0.2755102040816326, 0.3523809523809524, 0.37272727272727274, 0.25510204081632654, 0.2736220472440945, 0.2570281124497992, 0.32637571157495254, 0.2953156822810591, 0.333984375, 0.2777777777777778, 0.18181818181818182, 0.2, 0.15789473684210525, 0.25, 0.2631578947368421, 0.2, 0.31896551724137934, 0.3055555555555556, 0.28431372549019607, 0.3113207547169811, 0.2857142857142857, 0.2727272727272727, 0.2682445759368836, 0.22440087145969498, 0.2631578947368421, 0.326171875, 0.2995689655172414, 0.24949290060851928, 0.22727272727272727, 0.30434782608695654, 0.11764705882352941, 0.23809523809523808, 0.2222222222222222, 0.21739130434782608, 0.2882882882882883, 0.28846153846153844, 0.30303030303030304, 0.29591836734693877, 0.35294117647058826, 0.22105263157894736, 0.2842741935483871, 0.23613963039014374, 0.2962962962962963, 0.34273318872017355, 0.32122370936902483, 0.2862523540489642, 0.21052631578947367, 0.15, 0.23809523809523808, 0.2857142857142857, 0.2916666666666667, 0.23809523809523808, 0.20689655172413793, 0.24752475247524752, 0.19767441860465115, 0.28703703703703703, 0.2604166666666667, 0.308411214953271, 0.1885593220338983, 0.27435387673956263, 0.20464135021097046, 0.2857142857142857, 0.35564053537284895, 0.2916666666666667, 0.2, 0.19047619047619047, 0.23809523809523808, 0.2857142857142857, 0.3, 0.20833333333333334, 0.32075471698113206, 0.3018867924528302, 0.22448979591836735, 0.31932773109243695, 0.30526315789473685, 0.27358490566037735, 0.3191919191919192, 0.26369168356997974, 0.26095617529880477, 0.3516068052930057, 0.3557692307692308, 0.20652173913043478, 0.2631578947368421, 0.3333333333333333, 0.2608695652173913, 0.23809523809523808, 0.15789473684210525, 0.18181818181818182, 0.30612244897959184, 0.25555555555555554, 0.3191489361702128, 0.29347826086956524, 0.28, 0.26, 0.3144016227180527, 0.2318840579710145, 0.2584745762711864, 0.32289628180039137, 0.30947775628626695, 0.297029702970297, 0.16666666666666666, 0.2, 0.35, 0.23809523809523808, 0.38372093023255816, 0.0, 0.03759398496240601, 0.3541666666666667, 0.2222222222222222, 0.21052631578947367, 0.3157894736842105, 0.0, 0.3684210526315789, 0.16666666666666666, 0.3157894736842105, 0.2, 0.15789473684210525, 0.2631578947368421, 0.04838709677419355, 0.29411764705882354, 0.21052631578947367, 0.2222222222222222, 0.21052631578947367, 0.0, 0.35, 0.17857142857142858, 0.21052631578947367, 0.0, 0.0, 0.47368421052631576, 0.25, 0.05714285714285714, 0.23809523809523808, 0.16666666666666666, 0.2, 0.2647058823529412, 0.35, 0.21052631578947367, 0.23809523809523808, 0.35074626865671643, 0.037037037037037035, 0.3, 0.0, 0.29411764705882354, 0.2631578947368421, 0.3386243386243386, 0.3125, 0.048, 0.3409090909090909, 0.0, 0.4, 0.23809523809523808, 0.04878048780487805, 0.1388888888888889, 0.29411764705882354, 0.2, 0.2631578947368421, 0.5, 0.31724137931034485, 0.3684210526315789, 0.38405797101449274, 0.2988505747126437, 0.3333333333333333, 0.2631578947368421, 0.24390243902439024, 0.04838709677419355, 0.27906976744186046, 0.3308457711442786, 0.3785557986870897, 0.023622047244094488, 0.34782608695652173, 0.3157894736842105, 0.21052631578947367, 0.0, 0.3246753246753247, 0.35, 0.0]
