Total side score = 1998
Average side score = 2.89985486212
Side score breakdown = [1, 4, 4, 2, 2, 1, 3, 4, 4, 2, 3, 2, 3, 3, 4, 3, 4, 4, 4, 4, 2, 3, 3, 3, 2, 1, 1, 4, 2, 2, 3, 4, 3, 3, 3, 3, 3, 1, 1, 3, 1, 4, 3, 2, 4, 4, 4, 1, 4, 2, 4, 3, 3, 2, 3, 2, 4, 4, 4, 2, 3, 3, 3, 3, 4, 1, 4, 2, 4, 2, 4, 2, 2, 3, 4, 1, 1, 3, 1, 4, 2, 4, 2, 3, 4, 3, 2, 1, 4, 4, 4, 4, 3, 3, 4, 4, 2, 2, 1, 4, 4, 4, 4, 3, 2, 3, 3, 2, 4, 3, 4, 2, 2, 1, 3, 4, 2, 3, 4, 3, 1, 3, 2, 2, 3, 2, 3, 3, 3, 3, 3, 3, 4, 3, 1, 3, 4, 2, 3, 2, 3, 3, 3, 3, 3, 2, 4, 4, 1, 3, 3, 4, 1, 2, 3, 2, 1, 2, 1, 2, 2, 1, 4, 2, 3, 4, 4, 4, 1, 3, 3, 4, 3, 2, 3, 2, 2, 3, 4, 2, 3, 1, 3, 3, 3, 2, 3, 2, 3, 4, 2, 3, 4, 2, 4, 4, 4, 4, 4, 3, 4, 3, 4, 1, 1, 3, 3, 3, 3, 2, 4, 3, 3, 3, 3, 2, 1, 3, 4, 4, 3, 4, 3, 2, 2, 2, 4, 2, 3, 3, 3, 3, 4, 4, 3, 4, 4, 3, 3, 4, 3, 1, 3, 3, 2, 2, 3, 2, 3, 3, 3, 3, 2, 4, 4, 4, 3, 4, 4, 2, 4, 4, 2, 4, 2, 4, 3, 3, 2, 3, 4, 4, 4, 4, 3, 2, 4, 2, 3, 3, 3, 3, 3, 4, 3, 3, 3, 2, 2, 4, 1, 4, 2, 2, 2, 4, 4, 4, 3, 2, 3, 1, 3, 4, 3, 3, 4, 4, 3, 4, 4, 2, 1, 1, 1, 3, 2, 4, 4, 4, 3, 3, 3, 2, 3, 4, 1, 2, 1, 2, 2, 3, 4, 3, 3, 2, 3, 2, 2, 4, 4, 3, 3, 4, 4, 3, 2, 4, 2, 1, 1, 3, 1, 4, 3, 3, 2, 3, 3, 2, 4, 4, 1, 4, 4, 1, 2, 4, 3, 4, 2, 3, 4, 4, 2, 4, 3, 3, 4, 3, 3, 3, 3, 1, 2, 1, 1, 4, 1, 4, 3, 2, 4, 3, 3, 3, 1, 4, 4, 2, 1, 3, 4, 3, 2, 3, 4, 4, 2, 3, 3, 1, 3, 2, 3, 4, 2, 3, 2, 4, 2, 2, 4, 2, 4, 1, 3, 3, 4, 3, 3, 4, 4, 4, 3, 2, 3, 3, 2, 3, 4, 3, 3, 3, 4, 1, 3, 4, 3, 2, 3, 3, 3, 4, 3, 3, 2, 3, 1, 4, 2, 3, 4, 3, 4, 4, 3, 2, 4, 4, 3, 3, 4, 4, 3, 1, 4, 3, 1, 2, 1, 3, 3, 4, 1, 3, 4, 2, 4, 3, 3, 3, 3, 3, 1, 3, 2, 2, 3, 2, 4, 3, 4, 3, 3, 3, 3, 2, 3, 2, 3, 3, 4, 3, 3, 3, 2, 3, 3, 3, 4, 4, 3, 3, 3, 1, 4, 3, 2, 3, 3, 3, 3, 3, 3, 1, 3, 4, 2, 3, 3, 4, 3, 3, 3, 4, 4, 1, 4, 3, 3, 3, 2, 2, 4, 2, 3, 3, 4, 3, 4, 3, 2, 4, 2, 1, 2, 4, 3, 2, 3, 4, 2, 2, 2, 3, 3, 3, 3, 2, 2, 4, 3, 3, 4, 3, 3, 2, 3, 3, 3, 4, 3, 3, 3, 3, 3, 3, 2, 4, 4, 3, 3, 3, 3, 2, 3, 3, 4, 3, 3, 1, 2, 3, 3, 2, 3, 4, 3, 3, 4, 3, 3, 4, 4, 4, 2, 4, 3, 4, 3, 1, 2, 3, 3, 3, 4, 3, 4, 3, 4, 3, 3, 3, 3, 3, 4, 4, 3, 3, 2, 4, 3, 2, 3, 3, 2, 4, 2, 3, 2, 3, 3, 4, 3, 3, 2, 3, 4, 3, 4, 3, 3, 3, 3, 3, 3, 2, 2, 3, 4, 4, 3, 2, 4, 4, 2, 3, 3]

Total across score = 277
Average across score = 2.6380952381
Across score breakdown = [4, 2, 2, 2, 4, 2, 1, 2, 1, 4, 4, 2, 1, 2, 2, 4, 2, 2, 4, 4, 2, 2, 2, 2, 2, 1, 2, 2, 4, 2, 2, 2, 4, 2, 4, 2, 2, 4, 2, 4, 2, 2, 2, 2, 4, 2, 3, 2, 2, 2, 4, 2, 4, 1, 2, 4, 2, 2, 4, 4, 2, 4, 4, 2, 2, 2, 2, 2, 2, 4, 2, 2, 4, 4, 2, 4, 4, 2, 4, 3, 4, 4, 2, 4, 4, 3, 2, 2, 2, 2, 2, 3, 4, 2, 2, 2, 2, 2, 4, 4, 2, 4, 2, 2, 2]

Side score avg percent = 0.27791010071
Across score avg percent = 0.241745361349
Side score percent breakdown = [0.1111111111111111, 0.2857142857142857, 0.28, 0.19047619047619047, 0.2, 0.15789473684210525, 0.2222222222222222, 0.30434782608695654, 0.3076923076923077, 0.21052631578947367, 0.3157894736842105, 0.18181818181818182, 0.23809523809523808, 0.2803738317757009, 0.32673267326732675, 0.2872340425531915, 0.28846153846153844, 0.29245283018867924, 0.45, 0.3619047619047619, 0.30526315789473685, 0.3431372549019608, 0.30392156862745096, 0.25892857142857145, 0.2510204081632653, 0.12064965197215777, 0.21908893709327548, 0.2589118198874296, 0.25256673511293637, 0.2813765182186235, 0.42588726513569936, 0.31902985074626866, 0.31237322515212984, 0.34468937875751504, 0.3452157598499062, 0.279467680608365, 0.23809523809523808, 0.125, 0.10526315789473684, 0.22727272727272727, 0.1, 0.2727272727272727, 0.2222222222222222, 0.2, 0.3181818181818182, 0.2727272727272727, 0.32, 0.0625, 0.3125, 0.2247191011235955, 0.29464285714285715, 0.2647058823529412, 0.25263157894736843, 0.23404255319148937, 0.37962962962962965, 0.27956989247311825, 0.336734693877551, 0.3917525773195876, 0.37735849056603776, 0.21505376344086022, 0.26348547717842324, 0.21413276231263384, 0.24708171206225682, 0.24586776859504134, 0.2771317829457364, 0.10336538461538461, 0.44834307992202727, 0.25691699604743085, 0.3145454545454546, 0.281947261663286, 0.36813186813186816, 0.26464646464646463, 0.2631578947368421, 0.23809523809523808, 0.2608695652173913, 0.2, 0.2, 0.22727272727272727, 0.15789473684210525, 0.3181818181818182, 0.19047619047619047, 0.30434782608695654, 0.2222222222222222, 0.2631578947368421, 0.3076923076923077, 0.25510204081632654, 0.21359223300970873, 0.2247191011235955, 0.2727272727272727, 0.2912621359223301, 0.4423076923076923, 0.32673267326732675, 0.3235294117647059, 0.3113207547169811, 0.4205607476635514, 0.3611111111111111, 0.25971370143149286, 0.24634655532359082, 0.18543046357615894, 0.30174081237911027, 0.2762096774193548, 0.28487229862475444, 0.44363636363636366, 0.3132530120481928, 0.3059548254620123, 0.33984375, 0.3340080971659919, 0.25963488843813387, 0.3684210526315789, 0.21052631578947367, 0.2608695652173913, 0.2, 0.21052631578947367, 0.125, 0.2631578947368421, 0.22727272727272727, 0.19047619047619047, 0.25, 0.25, 0.24, 0.20388349514563106, 0.25806451612903225, 0.1935483870967742, 0.24210526315789474, 0.26595744680851063, 0.21505376344086022, 0.43157894736842106, 0.2978723404255319, 0.29523809523809524, 0.3113207547169811, 0.3069306930693069, 0.29292929292929293, 0.2795918367346939, 0.2408906882591093, 0.2205240174672489, 0.23877551020408164, 0.34095238095238095, 0.2450199203187251, 0.3783231083844581, 0.27865612648221344, 0.301556420233463, 0.31992337164750956, 0.34189723320158105, 0.27435387673956263, 0.2222222222222222, 0.2631578947368421, 0.2727272727272727, 0.2727272727272727, 0.19047619047619047, 0.29411764705882354, 0.19047619047619047, 0.30434782608695654, 0.17647058823529413, 0.19047619047619047, 0.25, 0.21052631578947367, 0.21505376344086022, 0.24731182795698925, 0.24705882352941178, 0.25742574257425743, 0.24242424242424243, 0.20930232558139536, 0.44660194174757284, 0.2857142857142857, 0.3473684210526316, 0.3486238532110092, 0.32075471698113206, 0.3274336283185841, 0.2203023758099352, 0.24855491329479767, 0.27345309381237526, 0.2716297786720322, 0.2514851485148515, 0.26814516129032256, 0.3967611336032389, 0.2574468085106383, 0.2896825396825397, 0.32854209445585214, 0.35940409683426444, 0.2691511387163561, 0.23529411764705882, 0.13333333333333333, 0.25, 0.2631578947368421, 0.22727272727272727, 0.25, 0.22727272727272727, 0.20833333333333334, 0.2857142857142857, 0.3181818181818182, 0.21052631578947367, 0.23809523809523808, 0.2755102040816326, 0.23529411764705882, 0.32, 0.32407407407407407, 0.28125, 0.3469387755102041, 0.47, 0.32673267326732675, 0.3333333333333333, 0.3364485981308411, 0.36283185840707965, 0.21875, 0.22894168466522677, 0.26666666666666666, 0.2553191489361702, 0.27479338842975204, 0.27345309381237526, 0.2396694214876033, 0.44532803180914515, 0.324, 0.3319587628865979, 0.35039370078740156, 0.32727272727272727, 0.2716297786720322, 0.21052631578947367, 0.23809523809523808, 0.34782608695652173, 0.3157894736842105, 0.2631578947368421, 0.2727272727272727, 0.2727272727272727, 0.2777777777777778, 0.19047619047619047, 0.19047619047619047, 0.2916666666666667, 0.19047619047619047, 0.25252525252525254, 0.23076923076923078, 0.24509803921568626, 0.26851851851851855, 0.308411214953271, 0.3177570093457944, 0.41414141414141414, 0.33636363636363636, 0.32, 0.35185185185185186, 0.32653061224489793, 0.2777777777777778, 0.24308300395256918, 0.22269807280513917, 0.26120857699805067, 0.26326530612244897, 0.25260960334029225, 0.27645788336933047, 0.4166666666666667, 0.29473684210526313, 0.2887189292543021, 0.3346534653465347, 0.366412213740458, 0.2901960784313726, 0.2, 0.2727272727272727, 0.2608695652173913, 0.3, 0.23809523809523808, 0.2727272727272727, 0.2727272727272727, 0.1875, 0.2608695652173913, 0.2857142857142857, 0.15, 0.2857142857142857, 0.2127659574468085, 0.3018867924528302, 0.2755102040816326, 0.2631578947368421, 0.2553191489361702, 0.297029702970297, 0.4444444444444444, 0.32, 0.28703703703703703, 0.36036036036036034, 0.30526315789473685, 0.23655913978494625, 0.30347349177330896, 0.2578616352201258, 0.28125, 0.2826086956521739, 0.2843866171003718, 0.2959830866807611, 0.3970276008492569, 0.3045186640471513, 0.29740518962075846, 0.361376673040153, 0.31746031746031744, 0.2708757637474542, 0.2, 0.36363636363636365, 0.17647058823529413, 0.2727272727272727, 0.18181818181818182, 0.21739130434782608, 0.15789473684210525, 0.25, 0.4117647058823529, 0.3333333333333333, 0.22727272727272727, 0.2222222222222222, 0.27, 0.2111111111111111, 0.24742268041237114, 0.33035714285714285, 0.25555555555555554, 0.2755102040816326, 0.4392523364485981, 0.36633663366336633, 0.32, 0.3523809523809524, 0.37272727272727274, 0.25510204081632654, 0.24008350730688935, 0.16964285714285715, 0.20995670995670995, 0.2736220472440945, 0.2570281124497992, 0.32637571157495254, 0.4573643410852713, 0.3272394881170018, 0.3055028462998102, 0.2953156822810591, 0.333984375, 0.2777777777777778, 0.25, 0.2608695652173913, 0.17647058823529413, 0.18181818181818182, 0.2, 0.15789473684210525, 0.2, 0.2777777777777778, 0.2727272727272727, 0.25, 0.2631578947368421, 0.2, 0.26804123711340205, 0.2558139534883721, 0.23157894736842105, 0.31896551724137934, 0.3055555555555556, 0.28431372549019607, 0.4117647058823529, 0.4166666666666667, 0.32075471698113206, 0.3113207547169811, 0.2857142857142857, 0.2727272727272727, 0.2809917355371901, 0.20137299771167047, 0.20750551876379691, 0.2682445759368836, 0.22440087145969498, 0.2631578947368421, 0.4435146443514644, 0.32217573221757323, 0.2842535787321063, 0.326171875, 0.2995689655172414, 0.24949290060851928, 0.30434782608695654, 0.30434782608695654, 0.2, 0.22727272727272727, 0.30434782608695654, 0.11764705882352941, 0.15, 0.36363636363636365, 0.2631578947368421, 0.23809523809523808, 0.2222222222222222, 0.21739130434782608, 0.3333333333333333, 0.26548672566371684, 0.26136363636363635, 0.2882882882882883, 0.28846153846153844, 0.30303030303030304, 0.4411764705882353, 0.29591836734693877, 0.3333333333333333, 0.29591836734693877, 0.35294117647058826, 0.22105263157894736, 0.2629399585921325, 0.18995633187772926, 0.24946695095948826, 0.2842741935483871, 0.23613963039014374, 0.2962962962962963, 0.3944223107569721, 0.27896995708154504, 0.33528265107212474, 0.34273318872017355, 0.32122370936902483, 0.2862523540489642, 0.1111111111111111, 0.25, 0.30434782608695654, 0.21052631578947367, 0.15, 0.23809523809523808, 0.3333333333333333, 0.3333333333333333, 0.21052631578947367, 0.2857142857142857, 0.2916666666666667, 0.23809523809523808, 0.22448979591836735, 0.2636363636363636, 0.28125, 0.20689655172413793, 0.24752475247524752, 0.19767441860465115, 0.41935483870967744, 0.38, 0.2777777777777778, 0.28703703703703703, 0.2604166666666667, 0.308411214953271, 0.25051334702258726, 0.19157894736842104, 0.28680688336520077, 0.1885593220338983, 0.27435387673956263, 0.20464135021097046, 0.41922290388548056, 0.3333333333333333, 0.3373253493013972, 0.2857142857142857, 0.35564053537284895, 0.2916666666666667, 0.36363636363636365, 0.2857142857142857, 0.21739130434782608, 0.2, 0.19047619047619047, 0.23809523809523808, 0.2222222222222222, 0.3, 0.3333333333333333, 0.2857142857142857, 0.3, 0.20833333333333334, 0.26851851851851855, 0.20618556701030927, 0.28431372549019607, 0.32075471698113206, 0.3018867924528302, 0.22448979591836735, 0.39622641509433965, 0.36538461538461536, 0.30097087378640774, 0.31932773109243695, 0.30526315789473685, 0.27358490566037735, 0.2759295499021526, 0.2571976967370441, 0.13711583924349882, 0.3191919191919192, 0.26369168356997974, 0.26095617529880477, 0.4155339805825243, 0.3326612903225806, 0.3346153846153846, 0.3516068052930057, 0.3557692307692308, 0.20652173913043478, 0.2608695652173913, 0.3, 0.2631578947368421, 0.2631578947368421, 0.3333333333333333, 0.2608695652173913, 0.25, 0.21052631578947367, 0.28, 0.23809523809523808, 0.15789473684210525, 0.18181818181818182, 0.22727272727272727, 0.28, 0.2653061224489796, 0.30612244897959184, 0.25555555555555554, 0.3191489361702128, 0.39285714285714285, 0.3068181818181818, 0.3786407766990291, 0.29347826086956524, 0.28, 0.26, 0.26789366053169733, 0.24561403508771928, 0.2267818574514039, 0.3144016227180527, 0.2318840579710145, 0.2584745762711864, 0.3946869070208729, 0.3076923076923077, 0.32514177693761814, 0.32289628180039137, 0.30947775628626695, 0.297029702970297, 0.2777777777777778, 0.3333333333333333, 0.2857142857142857, 0.19047619047619047, 0.3171355498721228, 0.31266149870801035, 0.33410138248847926, 0.22727272727272727, 0.3333333333333333, 0.3157894736842105, 0.42105263157894735, 0.043478260869565216, 0.21052631578947367, 0.16666666666666666, 0.3236009732360097, 0.2727272727272727, 0.38372093023255816, 0.3684210526315789, 0.29411764705882354, 0.05263157894736842, 0.2727272727272727, 0.21052631578947367, 0.47058823529411764, 0.35, 0.2631578947368421, 0.3, 0.3157894736842105, 0.3157894736842105, 0.3, 0.3, 0.35294117647058826, 0.16666666666666666, 0.3125, 0.35294117647058826, 0.2631578947368421, 0.3157894736842105, 0.375, 0.4, 0.2777777777777778, 0.2631578947368421, 0.3542713567839196, 0.3333333333333333, 0.3, 0.16666666666666666, 0.35, 0.35, 0.2631578947368421, 0.3333333333333333, 0.17857142857142858, 0.21052631578947367, 0.3888888888888889, 0.25, 0.3125, 0.29411764705882354, 0.43333333333333335, 0.125, 0.3716475095785441, 0.31143552311435524, 0.2631578947368421, 0.42105263157894735, 0.23809523809523808, 0.16666666666666666, 0.2948717948717949, 0.39828693790149894, 0.25, 0.2727272727272727, 0.32926829268292684, 0.40350877192982454, 0.2, 0.24210526315789474, 0.3181818181818182, 0.2631578947368421, 0.2857142857142857, 0.2830188679245283, 0.2653061224489796, 0.2891566265060241, 0.25, 0.34375, 0.24752475247524752, 0.3402061855670103, 0.2857142857142857, 0.2777777777777778, 0.4090909090909091, 0.03305785123966942, 0.2777777777777778, 0.35, 0.3, 0.3333333333333333, 0.2571428571428571, 0.3068181818181818, 0.2777777777777778, 0.25, 0.3333333333333333, 0.2631578947368421, 0.23809523809523808, 0.42105263157894735, 0.37767220902612825, 0.3068181818181818, 0.2777777777777778, 0.26732673267326734, 0.3, 0.29411764705882354, 0.17857142857142858, 0.3125, 0.42105263157894735, 0.2777777777777778, 0.05309734513274336, 0.007407407407407408, 0.27631578947368424, 0.3333333333333333, 0.2631578947368421, 0.2631578947368421, 0.23809523809523808, 0.3125, 0.25, 0.2648401826484018, 0.4181184668989547, 0.31738035264483627, 0.2996742671009772, 0.38095238095238093, 0.096, 0.358695652173913, 0.0, 0.1793478260869565, 0.32195121951219513, 0.08571428571428572, 0.328125, 0.11764705882352941, 0.1875, 0.1388888888888889, 0.2916666666666667, 0.3333333333333333, 0.4, 0.25, 0.3333333333333333, 0.35, 0.4666666666666667, 0.3157894736842105, 0.0392156862745098, 0.30337078651685395, 0.4, 0.16666666666666666, 0.12698412698412698, 0.5, 0.16129032258064516, 0.29411764705882354, 0.2631578947368421, 0.41414141414141414, 0.10909090909090909, 0.2, 0.35294117647058826, 0.2631578947368421, 0.2631578947368421, 0.16666666666666666, 0.3037974683544304, 0.2967032967032967, 0.21052631578947367, 0.2631578947368421, 0.35, 0.4, 0.29411764705882354, 0.3157894736842105, 0.2222222222222222, 0.3157894736842105, 0.45, 0.05172413793103448, 0.3333333333333333, 0.0847457627118644, 0.3231292517006803, 0.2777777777777778, 0.2608695652173913, 0.31362467866323906, 0.16129032258064516, 0.3068181818181818, 0.19047619047619047, 0.27956989247311825, 0.3157894736842105, 0.35, 0.29411764705882354, 0.2777777777777778, 0.3333333333333333, 0.45, 0.21052631578947367, 0.3, 0.3]
Across score percent breakdown = [0.3333333333333333, 0.036036036036036036, 0.045871559633027525, 0.21052631578947367, 0.3333333333333333, 0.029850746268656716, 0.21052631578947367, 0.0, 0.2, 0.35294117647058826, 0.47058823529411764, 0.14285714285714285, 0.4444444444444444, 0.16666666666666666, 0.31297709923664124, 0.3888888888888889, 0.26666666666666666, 0.3037974683544304, 0.47368421052631576, 0.3, 0.25, 0.09090909090909091, 0.25, 0.25, 0.16666666666666666, 1.0, 0.2, 0.030303030303030304, 0.3684210526315789, 0.24064171122994651, 0.2777777777777778, 0.28728070175438597, 0.2842741935483871, 0.2892768079800499, 0.30434782608695654, 0.02962962962962963, 0.03333333333333333, 0.1346153846153846, 0.23595505617977527, 0.04878048780487805, 0.28421052631578947, 0.31264367816091954, 0.1875, 0.25, 0.3181818181818182, 0.21052631578947367, 0.25, 0.035398230088495575, 0.0234375, 0.29207920792079206, 0.3601036269430052, 0.21052631578947367, 0.35, 0.01020408163265306, 0.15789473684210525, 0.34523809523809523, 0.2, 0.23529411764705882, 0.06722689075630252, 0.35732647814910024, 0.06779661016949153, 0.3, 0.3333333333333333, 0.2222222222222222, 0.02631578947368421, 0.31683168316831684, 0.07407407407407407, 0.21052631578947367, 0.2777777777777778, 0.22580645161290322, 0.21052631578947367, 0.26595744680851063, 0.4044943820224719, 0.4827586206896552, 0.21052631578947367, 0.3, 0.11475409836065574, 0.2, 0.4375, 0.32673267326732675, 0.11764705882352941, 0.35038363171355497, 0.2631578947368421, 0.3333333333333333, 0.16666666666666666, 0.2777777777777778, 0.30612244897959184, 0.2631578947368421, 0.21052631578947367, 0.2222222222222222, 0.21052631578947367, 0.14673913043478262, 0.3157894736842105, 0.3170731707317073, 0.19047619047619047, 0.030534351145038167, 0.2222222222222222, 0.29411764705882354, 0.3684210526315789, 0.3684210526315789, 0.1111111111111111, 0.34146341463414637, 0.25, 0.16666666666666666, 0.2777777777777778]
