Total side score = 590
Average side score = 2.75700934579
Side score breakdown = [3, 4, 1, 2, 4, 4, 2, 2, 2, 3, 3, 1, 1, 3, 4, 3, 1, 4, 1, 4, 1, 2, 4, 3, 3, 1, 4, 4, 1, 4, 4, 4, 3, 2, 3, 4, 4, 2, 2, 2, 2, 2, 4, 1, 4, 4, 3, 4, 2, 4, 3, 1, 2, 2, 2, 1, 1, 1, 4, 3, 3, 1, 4, 3, 2, 3, 2, 2, 2, 1, 4, 2, 4, 4, 3, 3, 4, 2, 3, 2, 3, 1, 3, 2, 2, 3, 2, 2, 2, 4, 3, 4, 3, 2, 3, 3, 3, 3, 1, 2, 3, 1, 2, 4, 4, 3, 1, 4, 2, 4, 4, 3, 1, 2, 1, 2, 3, 3, 4, 3, 2, 2, 3, 3, 3, 3, 4, 4, 4, 2, 2, 2, 2, 1, 3, 4, 1, 4, 4, 4, 2, 3, 4, 4, 4, 4, 1, 3, 3, 2, 4, 3, 3, 4, 3, 4, 4, 4, 3, 2, 4, 2, 1, 3, 3, 2, 4, 4, 3, 4, 4, 4, 2, 3, 4, 4, 2, 3, 4, 2, 2, 4, 4, 4, 3, 2, 4, 2, 3, 3, 2, 4, 1, 3, 1, 2, 3, 3, 1, 2, 4, 1, 4, 4, 1, 3, 1, 3, 2, 4, 2, 1, 3, 3]

Total across score = 303
Average across score = 2.72972972973
Across score breakdown = [2, 3, 4, 2, 2, 2, 2, 1, 1, 3, 4, 2, 4, 3, 2, 1, 2, 2, 4, 3, 3, 2, 2, 4, 2, 2, 2, 2, 3, 3, 4, 4, 2, 2, 2, 3, 3, 3, 3, 3, 2, 3, 3, 4, 3, 4, 3, 3, 2, 3, 2, 3, 3, 4, 4, 3, 3, 4, 1, 2, 3, 2, 3, 2, 4, 4, 2, 1, 4, 1, 2, 3, 2, 4, 2, 2, 3, 4, 3, 1, 3, 2, 2, 2, 3, 2, 2, 3, 3, 3, 4, 4, 3, 3, 4, 3, 2, 1, 4, 3, 3, 4, 2, 3, 4, 4, 3, 4, 3, 1, 2]

Side score avg percent = 0.270689018462
Across score avg percent = 0.254157197794
Side score percent breakdown = [0.25, 0.4166666666666667, 0.15789473684210525, 0.23529411764705882, 0.38095238095238093, 0.47619047619047616, 0.2, 0.2857142857142857, 0.2222222222222222, 0.3, 0.25, 0.25, 0.16666666666666666, 0.2222222222222222, 0.3333333333333333, 0.25, 0.16666666666666666, 0.4230769230769231, 0.17647058823529413, 0.35, 0.2, 0.17647058823529413, 0.3684210526315789, 0.22727272727272727, 0.19047619047619047, 0.21052631578947367, 0.3333333333333333, 0.2857142857142857, 0.15789473684210525, 0.38095238095238093, 0.2608695652173913, 0.3684210526315789, 0.29411764705882354, 0.26666666666666666, 0.2857142857142857, 0.42105263157894735, 0.3684210526315789, 0.25, 0.21052631578947367, 0.23809523809523808, 0.1875, 0.25, 0.2857142857142857, 0.1111111111111111, 0.2857142857142857, 0.38095238095238093, 0.29411764705882354, 0.25, 0.21428571428571427, 0.2631578947368421, 0.2608695652173913, 0.16666666666666666, 0.21052631578947367, 0.2, 0.29411764705882354, 0.15, 0.1111111111111111, 0.21052631578947367, 0.23809523809523808, 0.3333333333333333, 0.3333333333333333, 0.21052631578947367, 0.5294117647058824, 0.25, 0.21052631578947367, 0.35, 0.23529411764705882, 0.1875, 0.22727272727272727, 0.14285714285714285, 0.2916666666666667, 0.21052631578947367, 0.45, 0.38095238095238093, 0.23809523809523808, 0.2727272727272727, 0.3333333333333333, 0.2, 0.3333333333333333, 0.21052631578947367, 0.3125, 0.16666666666666666, 0.3333333333333333, 0.25, 0.19047619047619047, 0.3333333333333333, 0.2631578947368421, 0.23529411764705882, 0.18181818181818182, 0.35, 0.3, 0.3333333333333333, 0.4, 0.26666666666666666, 0.22727272727272727, 0.3684210526315789, 0.3125, 0.2631578947368421, 0.16666666666666666, 0.17647058823529413, 0.23809523809523808, 0.15, 0.21428571428571427, 0.4, 0.3157894736842105, 0.22727272727272727, 0.2, 0.2692307692307692, 0.2777777777777778, 0.375, 0.4, 0.29411764705882354, 0.19047619047619047, 0.23529411764705882, 0.11764705882352941, 0.21052631578947367, 0.3888888888888889, 0.2777777777777778, 0.3125, 0.23809523809523808, 0.19047619047619047, 0.2857142857142857, 0.22727272727272727, 0.29411764705882354, 0.29411764705882354, 0.375, 0.375, 0.375, 0.3181818181818182, 0.26666666666666666, 0.2, 0.23529411764705882, 0.2222222222222222, 0.16666666666666666, 0.3125, 0.35, 0.17647058823529413, 0.35, 0.2727272727272727, 0.2608695652173913, 0.19047619047619047, 0.2727272727272727, 0.4166666666666667, 0.36363636363636365, 0.2916666666666667, 0.2857142857142857, 0.1875, 0.2631578947368421, 0.3333333333333333, 0.2222222222222222, 0.36363636363636365, 0.2727272727272727, 0.3333333333333333, 0.3, 0.23529411764705882, 0.4090909090909091, 0.2857142857142857, 0.3333333333333333, 0.25, 0.19047619047619047, 0.2608695652173913, 0.15789473684210525, 0.16666666666666666, 0.3157894736842105, 0.23529411764705882, 0.3076923076923077, 0.4, 0.36363636363636365, 0.2631578947368421, 0.2727272727272727, 0.23809523809523808, 0.30434782608695654, 0.26666666666666666, 0.3333333333333333, 0.3, 0.2727272727272727, 0.2857142857142857, 0.26666666666666666, 0.38095238095238093, 0.23529411764705882, 0.2, 0.4090909090909091, 0.4, 0.30434782608695654, 0.3684210526315789, 0.23529411764705882, 0.3684210526315789, 0.2777777777777778, 0.3125, 0.2631578947368421, 0.16666666666666666, 0.23809523809523808, 0.15789473684210525, 0.2, 0.16666666666666666, 0.2, 0.2631578947368421, 0.29411764705882354, 0.11764705882352941, 0.2631578947368421, 0.4166666666666667, 0.1875, 0.23809523809523808, 0.30434782608695654, 0.1875, 0.2777777777777778, 0.17647058823529413, 0.3333333333333333, 0.25, 0.3, 0.21052631578947367, 0.26666666666666666, 0.25, 0.2777777777777778]
Across score percent breakdown = [0.23809523809523808, 0.2631578947368421, 0.35, 0.15789473684210525, 0.15789473684210525, 0.23529411764705882, 0.13636363636363635, 0.16666666666666666, 0.125, 0.25, 0.35, 0.2, 0.3684210526315789, 0.3157894736842105, 0.18181818181818182, 0.1875, 0.19047619047619047, 0.23529411764705882, 0.34782608695652173, 0.25, 0.2, 0.18181818181818182, 0.19047619047619047, 0.3181818181818182, 0.3125, 0.19047619047619047, 0.058823529411764705, 0.2, 0.25, 0.2631578947368421, 0.3, 0.2916666666666667, 0.2, 0.09523809523809523, 0.25, 0.23809523809523808, 0.35294117647058826, 0.2857142857142857, 0.3333333333333333, 0.2, 0.2222222222222222, 0.25, 0.25, 0.2857142857142857, 0.23809523809523808, 0.3181818181818182, 0.2608695652173913, 0.3157894736842105, 0.19047619047619047, 0.3, 0.20833333333333334, 0.23809523809523808, 0.42105263157894735, 0.3, 0.3333333333333333, 0.2631578947368421, 0.3181818181818182, 0.34782608695652173, 0.14285714285714285, 0.17391304347826086, 0.35, 0.23529411764705882, 0.29411764705882354, 0.21052631578947367, 0.4, 0.2916666666666667, 0.21739130434782608, 0.1111111111111111, 0.4, 0.15384615384615385, 0.13043478260869565, 0.25, 0.23809523809523808, 0.3125, 0.17647058823529413, 0.23529411764705882, 0.2222222222222222, 0.3157894736842105, 0.2222222222222222, 0.2222222222222222, 0.35294117647058826, 0.21739130434782608, 0.15, 0.2222222222222222, 0.23809523809523808, 0.15789473684210525, 0.21428571428571427, 0.2857142857142857, 0.2608695652173913, 0.29411764705882354, 0.4, 0.38095238095238093, 0.23809523809523808, 0.25, 0.5, 0.19047619047619047, 0.2, 0.21428571428571427, 0.3333333333333333, 0.3, 0.2857142857142857, 0.3684210526315789, 0.21052631578947367, 0.29411764705882354, 0.3157894736842105, 0.35, 0.2631578947368421, 0.30434782608695654, 0.25925925925925924, 0.15, 0.2222222222222222]
