Total side score = 2770
Average side score = 3.33734939759
Side score breakdown = [2, 3, 3, 4, 4, 3, 1, 3, 2, 4, 4, 3, 3, 4, 4, 3, 2, 4, 4, 4, 4, 3, 3, 4, 4, 4, 2, 4, 4, 4, 4, 4, 2, 4, 4, 3, 4, 4, 2, 3, 4, 3, 3, 4, 4, 2, 4, 4, 4, 3, 4, 4, 3, 3, 4, 3, 4, 3, 4, 4, 4, 4, 3, 4, 3, 1, 2, 1, 4, 3, 1, 3, 3, 4, 4, 2, 3, 3, 3, 4, 3, 3, 4, 4, 4, 4, 2, 3, 3, 4, 4, 4, 3, 4, 2, 3, 4, 4, 2, 4, 4, 4, 4, 3, 3, 4, 4, 1, 4, 2, 3, 4, 4, 2, 4, 4, 2, 4, 4, 1, 3, 3, 4, 3, 3, 3, 2, 2, 3, 4, 2, 4, 4, 4, 4, 3, 4, 4, 4, 3, 4, 4, 2, 4, 4, 4, 3, 4, 2, 1, 3, 4, 4, 2, 4, 4, 2, 4, 4, 4, 4, 4, 3, 4, 4, 2, 4, 1, 4, 3, 4, 3, 3, 4, 2, 3, 1, 1, 3, 1, 3, 4, 3, 3, 2, 2, 4, 3, 2, 4, 3, 3, 4, 3, 4, 2, 4, 3, 4, 3, 4, 4, 3, 4, 2, 4, 3, 4, 4, 2, 3, 4, 4, 4, 4, 2, 2, 4, 4, 4, 4, 4, 4, 4, 4, 4, 3, 4, 4, 4, 3, 2, 4, 4, 2, 3, 4, 2, 4, 4, 2, 4, 2, 4, 4, 2, 1, 4, 4, 4, 3, 4, 1, 3, 4, 4, 3, 4, 4, 4, 4, 3, 3, 3, 4, 4, 3, 4, 3, 1, 3, 4, 4, 4, 3, 4, 4, 4, 3, 2, 4, 4, 4, 4, 3, 4, 3, 4, 2, 4, 4, 2, 4, 3, 4, 2, 3, 2, 3, 4, 4, 4, 4, 4, 3, 3, 1, 4, 1, 3, 3, 4, 4, 4, 4, 4, 4, 3, 4, 4, 3, 3, 4, 3, 4, 3, 3, 4, 4, 3, 2, 4, 4, 2, 4, 4, 4, 4, 4, 4, 4, 4, 4, 4, 1, 4, 4, 3, 4, 4, 1, 3, 2, 4, 4, 2, 4, 1, 4, 4, 3, 2, 3, 3, 4, 4, 2, 4, 4, 4, 3, 4, 4, 4, 3, 4, 4, 3, 4, 4, 4, 3, 3, 4, 4, 4, 1, 3, 3, 4, 4, 4, 4, 2, 4, 4, 3, 4, 3, 3, 4, 4, 4, 4, 4, 2, 4, 1, 4, 2, 4, 1, 2, 4, 2, 2, 4, 3, 4, 3, 1, 4, 3, 2, 1, 3, 3, 4, 3, 3, 3, 4, 4, 4, 4, 4, 4, 3, 4, 3, 4, 4, 2, 1, 4, 2, 4, 4, 4, 3, 3, 4, 2, 4, 4, 3, 4, 4, 4, 4, 4, 3, 4, 4, 1, 4, 3, 4, 4, 3, 2, 4, 4, 1, 3, 2, 4, 4, 4, 4, 4, 4, 3, 2, 3, 4, 2, 4, 3, 4, 4, 3, 4, 4, 2, 4, 4, 4, 4, 3, 4, 3, 3, 3, 4, 3, 3, 3, 4, 1, 3, 4, 4, 3, 3, 4, 4, 2, 4, 4, 4, 4, 4, 4, 4, 4, 4, 4, 1, 4, 3, 3, 3, 4, 4, 1, 2, 4, 4, 2, 3, 4, 3, 4, 4, 3, 4, 4, 3, 4, 2, 4, 4, 3, 2, 3, 4, 4, 4, 3, 2, 4, 4, 4, 4, 4, 4, 4, 4, 3, 4, 4, 4, 4, 3, 1, 4, 4, 4, 4, 3, 4, 3, 3, 4, 4, 4, 4, 4, 4, 3, 4, 4, 2, 4, 4, 4, 3, 4, 3, 3, 3, 3, 3, 4, 4, 4, 2, 2, 2, 2, 2, 4, 4, 4, 3, 4, 4, 4, 3, 4, 3, 4, 4, 4, 3, 2, 4, 4, 3, 3, 4, 4, 3, 3, 3, 4, 4, 4, 4, 2, 3, 2, 4, 4, 3, 4, 4, 4, 4, 1, 4, 4, 4, 4, 4, 4, 1, 4, 2, 4, 4, 4, 1, 3, 4, 3, 1, 3, 2, 2, 3, 4, 3, 4, 4, 1, 4, 4, 4, 3, 4, 4, 4, 3, 4, 4, 4, 4, 4, 4, 3, 4, 4, 4, 4, 4, 4, 4, 2, 2, 3, 4, 4, 4, 4, 2, 4, 1, 4, 4, 4, 4, 4, 2, 3, 4, 4, 4, 1, 3, 4, 3, 4, 1, 3, 3, 2, 4, 3, 2, 4, 4, 3, 1, 4, 3, 4, 4, 3, 2, 4, 4, 3, 2, 4, 3, 4, 4, 4, 4, 4, 4, 2, 4, 3, 1, 1, 4, 4, 4, 4, 2, 2, 4, 4, 4, 4, 4, 3, 4, 3, 3, 2, 4, 2, 4, 3, 4, 2, 4, 4, 3, 4, 1, 4, 4, 4, 1, 3, 2, 2, 2, 3, 3, 4, 2, 3, 4, 4, 3, 4, 3, 4, 3, 3, 3, 3, 2, 3, 3, 3, 4, 4, 4, 3, 4, 2, 4, 4, 4, 4, 4, 3, 4, 4, 4, 4, 3, 4]

Total across score = 1454
Average across score = 3.38139534884
Across score breakdown = [4, 4, 3, 2, 3, 4, 1, 1, 4, 4, 4, 4, 4, 4, 4, 1, 3, 4, 3, 4, 4, 4, 3, 4, 3, 4, 4, 4, 4, 4, 1, 1, 4, 2, 4, 4, 2, 1, 3, 3, 4, 4, 4, 4, 3, 4, 4, 2, 4, 4, 4, 4, 4, 3, 3, 4, 4, 4, 4, 4, 4, 3, 4, 4, 1, 4, 4, 4, 3, 4, 3, 4, 1, 3, 2, 2, 4, 2, 4, 4, 4, 2, 3, 3, 4, 4, 3, 4, 2, 4, 3, 4, 4, 4, 4, 4, 4, 2, 4, 4, 2, 4, 4, 2, 4, 4, 3, 4, 3, 2, 4, 4, 4, 4, 4, 4, 3, 3, 4, 2, 4, 4, 4, 4, 4, 4, 4, 4, 3, 2, 4, 3, 4, 1, 2, 4, 4, 4, 4, 1, 2, 4, 4, 4, 3, 4, 3, 4, 4, 4, 3, 4, 4, 2, 4, 4, 4, 2, 3, 2, 3, 3, 4, 2, 3, 4, 2, 3, 4, 4, 4, 3, 4, 3, 4, 4, 4, 2, 3, 3, 4, 4, 4, 4, 3, 4, 3, 4, 4, 4, 4, 3, 1, 3, 1, 2, 4, 4, 2, 2, 4, 1, 4, 4, 4, 3, 4, 3, 4, 3, 2, 4, 3, 4, 4, 4, 4, 3, 2, 4, 3, 4, 2, 4, 3, 2, 3, 4, 4, 1, 3, 2, 4, 4, 3, 4, 4, 4, 4, 4, 4, 2, 4, 4, 2, 4, 4, 4, 4, 4, 2, 3, 2, 4, 4, 3, 2, 4, 4, 2, 2, 4, 4, 1, 2, 4, 2, 4, 4, 3, 3, 4, 4, 4, 2, 4, 1, 4, 2, 4, 4, 2, 4, 4, 2, 4, 3, 4, 2, 2, 4, 4, 3, 4, 4, 4, 3, 3, 4, 4, 4, 4, 4, 3, 4, 4, 4, 2, 3, 4, 3, 4, 4, 3, 4, 4, 3, 4, 4, 3, 4, 4, 4, 3, 4, 3, 3, 4, 4, 4, 3, 4, 4, 4, 3, 4, 1, 4, 4, 1, 4, 2, 2, 4, 2, 4, 4, 4, 4, 4, 4, 3, 4, 2, 3, 4, 4, 4, 4, 4, 4, 4, 4, 4, 4, 4, 4, 3, 2, 2, 3, 3, 2, 3, 1, 4, 4, 4, 3, 1, 2, 2, 4, 4, 4, 3, 4, 4, 2, 4, 4, 4, 4, 3, 4, 4, 2, 4, 4, 2, 4, 4, 4, 4, 4, 3, 3, 4, 4, 4, 4, 3, 4, 4, 4, 4, 4, 4, 3, 4, 4, 4, 4, 3, 4, 3, 4, 1, 4, 4]

Side score avg percent = 0.348582965296
Across score avg percent = 0.349033278307
Side score percent breakdown = [0.15, 0.35, 0.2, 0.6842105263157895, 0.35, 0.3157894736842105, 0.0, 0.3, 0.10526315789473684, 0.5, 0.55, 0.25, 0.2631578947368421, 0.42105263157894735, 0.3157894736842105, 0.2631578947368421, 0.2, 0.35, 0.47368421052631576, 0.5, 0.4, 0.3069306930693069, 0.36, 0.4752475247524752, 0.4752475247524752, 0.3465346534653465, 0.2079207920792079, 0.40594059405940597, 0.44554455445544555, 0.5742574257425742, 0.44554455445544555, 0.44, 0.25742574257425743, 0.42, 0.52, 0.38, 0.34, 0.37, 0.23, 0.28, 0.37, 0.25742574257425743, 0.24, 0.59, 0.498, 0.238, 0.618, 0.3246492985971944, 0.45090180360721444, 0.31105990783410137, 0.41282565130260523, 0.5671342685370742, 0.2605210420841683, 0.33, 0.4969939879759519, 0.24, 0.4228456913827655, 0.31462925851703405, 0.374749498997996, 0.28256513026052105, 0.3157894736842105, 0.4, 0.35, 0.35, 0.3157894736842105, 0.15, 0.25, 0.15, 0.55, 0.2631578947368421, 0.05, 0.35, 0.3157894736842105, 0.35, 0.5789473684210527, 0.21052631578947367, 0.3684210526315789, 0.35, 0.2631578947368421, 0.4, 0.25, 0.26732673267326734, 0.5544554455445545, 0.48514851485148514, 0.42574257425742573, 0.42574257425742573, 0.18811881188118812, 0.26732673267326734, 0.36, 0.44, 0.46, 0.4752475247524752, 0.38, 0.37, 0.22772277227722773, 0.27722772277227725, 0.42084168336673344, 0.655310621242485, 0.214, 0.328, 0.318, 0.48096192384769537, 0.416, 0.246, 0.2905811623246493, 0.45490981963927857, 0.3667334669338677, 0.21442885771543085, 0.394, 0.250501002004008, 0.25, 0.35, 0.3684210526315789, 0.25, 0.3157894736842105, 0.45, 0.25, 0.35, 0.3, 0.2, 0.25, 0.2631578947368421, 0.3684210526315789, 0.35, 0.3, 0.25, 0.21052631578947367, 0.2, 0.3, 0.47368421052631576, 0.21052631578947367, 0.43564356435643564, 0.44554455445544555, 0.5544554455445545, 0.4752475247524752, 0.33, 0.38613861386138615, 0.31683168316831684, 0.5, 0.32, 0.51, 0.55, 0.27722772277227725, 0.43, 0.38, 0.28, 0.28, 0.39, 0.22, 0.15841584158415842, 0.34, 0.426, 0.472, 0.24, 0.56, 0.37, 0.2, 0.576, 0.334, 0.668, 0.294, 0.34, 0.30060120240480964, 0.531062124248497, 0.3787575150300601, 0.224, 0.4348697394789579, 0.23246492985971945, 0.384, 0.29, 0.4, 0.25, 0.25, 0.3, 0.25, 0.25, 0.10526315789473684, 0.15, 0.25, 0.05263157894736842, 0.2, 0.5789473684210527, 0.3, 0.3157894736842105, 0.2, 0.15789473684210525, 0.55, 0.2631578947368421, 0.25, 0.73, 0.27722772277227725, 0.31683168316831684, 0.6435643564356436, 0.24, 0.31683168316831684, 0.2079207920792079, 0.504950495049505, 0.37, 0.42574257425742573, 0.3564356435643564, 0.61, 0.40594059405940597, 0.32, 0.34, 0.21, 0.3564356435643564, 0.25, 0.41, 0.28, 0.24, 0.3306613226452906, 0.352, 0.33, 0.646, 0.5490981963927856, 0.242, 0.218436873747495, 0.518, 0.356, 0.38877755511022044, 0.4348697394789579, 0.388, 0.41379310344827586, 0.35070140280561124, 0.4408817635270541, 0.402, 0.326, 0.501002004008016, 0.43687374749499, 0.286, 0.3246492985971944, 0.242, 0.5, 0.35, 0.21052631578947367, 0.3, 0.3684210526315789, 0.2, 0.35, 0.4, 0.15789473684210525, 0.35, 0.21052631578947367, 0.2631578947368421, 0.3684210526315789, 0.1, 0.15789473684210525, 0.3157894736842105, 0.5, 0.43564356435643564, 0.25742574257425743, 0.42574257425742573, 0.2, 0.31, 0.31683168316831684, 0.39603960396039606, 0.38613861386138615, 0.37623762376237624, 0.71, 0.3564356435643564, 0.38613861386138615, 0.24752475247524752, 0.3, 0.29, 0.37, 0.3069306930693069, 0.29, 0.49504950495049505, 0.28, 0.15841584158415842, 0.31, 0.3069306930693069, 0.38, 0.34, 0.256, 0.526, 0.634, 0.522, 0.35, 0.224, 0.4, 0.372, 0.5671342685370742, 0.348, 0.3226452905811623, 0.35470941883767537, 0.3727454909819639, 0.342, 0.234, 0.38, 0.41282565130260523, 0.24448897795591182, 0.35671342685370744, 0.2745490981963928, 0.4, 0.25, 0.3, 0.2, 0.25, 0.4, 0.4, 0.35, 0.3157894736842105, 0.42105263157894735, 0.15789473684210525, 0.21052631578947367, 0.15789473684210525, 0.3157894736842105, 0.05, 0.3, 0.2631578947368421, 0.36633663366336633, 0.27722772277227725, 0.46534653465346537, 0.46, 0.43564356435643564, 0.33663366336633666, 0.3564356435643564, 0.31683168316831684, 0.39, 0.39603960396039606, 0.27, 0.45, 0.2871287128712871, 0.53, 0.3, 0.28, 0.3, 0.39, 0.334, 0.264, 0.586, 0.49, 0.1963927855711423, 0.501002004008016, 0.302, 0.412, 0.326, 0.47695390781563124, 0.496, 0.422, 0.388, 0.4308617234468938, 0.3727454909819639, 0.21042084168336672, 0.302, 0.336, 0.28, 0.4649298597194389, 0.35, 0.10526315789473684, 0.25, 0.2, 0.35, 0.3157894736842105, 0.25, 0.3157894736842105, 0.1, 0.3684210526315789, 0.3, 0.2631578947368421, 0.2, 0.25, 0.3157894736842105, 0.3, 0.47368421052631576, 0.21052631578947367, 0.297029702970297, 0.4158415841584158, 0.5445544554455446, 0.32673267326732675, 0.48514851485148514, 0.36633663366336633, 0.37623762376237624, 0.3564356435643564, 0.37623762376237624, 0.52, 0.27722772277227725, 0.38, 0.46534653465346537, 0.53, 0.26732673267326734, 0.29, 0.39, 0.4, 0.46, 0.1782178217821782, 0.28, 0.24752475247524752, 0.43, 0.5991983967935872, 0.562, 0.394, 0.20240480961923848, 0.34, 0.384, 0.32, 0.3587174348697395, 0.276, 0.3847695390781563, 0.39478957915831664, 0.39478957915831664, 0.34468937875751504, 0.464, 0.4, 0.244, 0.39, 0.21643286573146292, 0.3, 0.2, 0.3684210526315789, 0.05, 0.2, 0.47368421052631576, 0.2, 0.25, 0.3684210526315789, 0.25, 0.55, 0.3157894736842105, 0.1, 0.3157894736842105, 0.3157894736842105, 0.17647058823529413, 0.1, 0.3157894736842105, 0.3069306930693069, 0.504950495049505, 0.33663366336633666, 0.2376237623762376, 0.4158415841584158, 0.46534653465346537, 0.3465346534653465, 0.40594059405940597, 0.49504950495049505, 0.42574257425742573, 0.39603960396039606, 0.27, 0.40594059405940597, 0.31683168316831684, 0.32673267326732675, 0.4, 0.2376237623762376, 0.18811881188118812, 0.37623762376237624, 0.244, 0.43, 0.636, 0.458, 0.32, 0.312, 0.348, 0.226, 0.63, 0.398, 0.362, 0.3286573146292585, 0.41282565130260523, 0.4168336673346693, 0.3967935871743487, 0.42084168336673344, 0.332, 0.422, 0.502, 0.224, 0.416, 0.2605210420841683, 0.3527054108216433, 0.264, 0.2565130260521042, 0.2, 0.3, 0.4, 0.1, 0.2, 0.21052631578947367, 0.4, 0.45, 0.3, 0.35, 0.45, 0.3157894736842105, 0.2631578947368421, 0.15, 0.3157894736842105, 0.3684210526315789, 0.21052631578947367, 0.3684210526315789, 0.2631578947368421, 0.4, 0.47368421052631576, 0.2, 0.42105263157894735, 0.43, 0.25742574257425743, 0.504950495049505, 0.39603960396039606, 0.39603960396039606, 0.297029702970297, 0.27722772277227725, 0.36633663366336633, 0.21782178217821782, 0.31, 0.3564356435643564, 0.58, 0.3069306930693069, 0.29, 0.29, 0.39, 0.23, 0.322, 0.674, 0.54, 0.296, 0.39, 0.334, 0.314, 0.18036072144288579, 0.4408817635270541, 0.494, 0.34468937875751504, 0.43286573146292584, 0.358, 0.39478957915831664, 0.54, 0.37675350701402804, 0.44, 0.3807615230460922, 0.21042084168336672, 0.4248496993987976, 0.25851703406813625, 0.332, 0.262, 0.32064128256513025, 0.4, 0.05, 0.2631578947368421, 0.2631578947368421, 0.3, 0.21052631578947367, 0.25, 0.45, 0.2, 0.35, 0.4, 0.3, 0.35, 0.3157894736842105, 0.25, 0.2631578947368421, 0.2, 0.42105263157894735, 0.3157894736842105, 0.3, 0.15841584158415842, 0.3069306930693069, 0.43564356435643564, 0.5841584158415841, 0.5643564356435643, 0.3465346534653465, 0.24752475247524752, 0.5445544554455446, 0.40594059405940597, 0.39, 0.39603960396039606, 0.39603960396039606, 0.38, 0.51, 0.3069306930693069, 0.31, 0.57, 0.49, 0.3465346534653465, 0.46, 0.32, 0.21782178217821782, 0.41, 0.46, 0.27, 0.626, 0.336, 0.466, 0.4228456913827655, 0.356, 0.42, 0.398, 0.374, 0.33, 0.3466933867735471, 0.494, 0.37074148296593185, 0.314, 0.3727454909819639, 0.23046092184368738, 0.3807615230460922, 0.2685370741482966, 0.35, 0.25, 0.45, 0.3, 0.3157894736842105, 0.2631578947368421, 0.35, 0.21052631578947367, 0.47368421052631576, 0.47368421052631576, 0.5263157894736842, 0.15789473684210525, 0.21052631578947367, 0.2, 0.15789473684210525, 0.2, 0.4, 0.42105263157894735, 0.3684210526315789, 0.26732673267326734, 0.3564356435643564, 0.40594059405940597, 0.61, 0.32673267326732675, 0.42574257425742573, 0.33, 0.44554455445544555, 0.42, 0.5, 0.36, 0.26732673267326734, 0.36, 0.45, 0.26732673267326734, 0.26732673267326734, 0.43, 0.27722772277227725, 0.27, 0.28, 0.334, 0.544, 0.494, 0.528, 0.622, 0.19438877755511022, 0.39, 0.206, 0.566, 0.3927855711422846, 0.276, 0.44288577154308617, 0.538, 0.48096192384769537, 0.4089068825910931, 0.23046092184368738, 0.344, 0.3406813627254509, 0.3787575150300601, 0.4, 0.47368421052631576, 0.35, 0.10526315789473684, 0.3, 0.25, 0.3, 0.4, 0.4, 0.05, 0.25, 0.45, 0.25, 0.15, 0.3157894736842105, 0.15789473684210525, 0.2, 0.21052631578947367, 0.42105263157894735, 0.3, 0.4, 0.4158415841584158, 0.21782178217821782, 0.44554455445544555, 0.53, 0.47, 0.3069306930693069, 0.39603960396039606, 0.4752475247524752, 0.5, 0.38613861386138615, 0.42574257425742573, 0.38, 0.4, 0.38, 0.4, 0.38, 0.26732673267326734, 0.44, 0.29, 0.31683168316831684, 0.27, 0.778, 0.586, 0.56, 0.21042084168336672, 0.18637274549098196, 0.33266533066132264, 0.376, 0.32, 0.44288577154308617, 0.46092184368737477, 0.3166332665330661, 0.4088176352705411, 0.22444889779559118, 0.42685370741482964, 0.41282565130260523, 0.294, 0.348, 0.29, 0.15, 0.25, 0.3157894736842105, 0.4, 0.3, 0.15, 0.25, 0.5, 0.25, 0.42105263157894735, 0.15, 0.3, 0.2631578947368421, 0.21052631578947367, 0.3684210526315789, 0.25, 0.2, 0.47368421052631576, 0.3684210526315789, 0.2631578947368421, 0.15, 0.3069306930693069, 0.3069306930693069, 0.44554455445544555, 0.55, 0.3069306930693069, 0.26732673267326734, 0.36633663366336633, 0.33663366336633666, 0.33663366336633666, 0.25742574257425743, 0.42574257425742573, 0.38, 0.44554455445544555, 0.43564356435643564, 0.51, 0.48, 0.33, 0.46, 0.18811881188118812, 0.3465346534653465, 0.33, 0.19801980198019803, 0.21, 0.434, 0.658, 0.534, 0.406, 0.20641282565130262, 0.202, 0.416, 0.562, 0.366, 0.4088176352705411, 0.392, 0.33867735470941884, 0.564, 0.2565130260521042, 0.27054108216432865, 0.23446893787575152, 0.312, 0.2, 0.4, 0.2, 0.45, 0.2, 0.35, 0.35, 0.2631578947368421, 0.42105263157894735, 0.2, 0.35, 0.45, 0.5263157894736842, 0.10526315789473684, 0.35, 0.25, 0.15, 0.15, 0.2631578947368421, 0.31683168316831684, 0.6237623762376238, 0.15841584158415842, 0.33, 0.3564356435643564, 0.33663366336633666, 0.36, 0.3564356435643564, 0.36, 0.5643564356435643, 0.40594059405940597, 0.3465346534653465, 0.3, 0.37623762376237624, 0.22772277227722773, 0.28, 0.28, 0.26, 0.4168336673346693, 0.5190380761523046, 0.5470941883767535, 0.35, 0.35470941883767537, 0.212, 0.458, 0.422, 0.36072144288577157, 0.548, 0.396, 0.298, 0.3587174348697395, 0.41082164328657317, 0.35, 0.5110220440881763, 0.254, 0.344]
Across score percent breakdown = [0.3, 0.45, 0.3, 0.2, 0.2631578947368421, 0.42105263157894735, 0.15, 0.10526315789473684, 0.6842105263157895, 0.3157894736842105, 0.55, 0.5346534653465347, 0.45, 0.5346534653465347, 0.37623762376237624, 0.2, 0.25742574257425743, 0.374, 0.238, 0.562, 0.386, 0.53, 0.326, 0.4709418837675351, 0.2665330661322645, 0.34, 0.512, 0.38877755511022044, 0.33, 0.39879759519038077, 0.05, 0.15, 0.5, 0.15, 0.35, 0.3157894736842105, 0.2, 0.10526315789473684, 0.25, 0.31683168316831684, 0.40594059405940597, 0.37623762376237624, 0.49, 0.48, 0.26732673267326734, 0.42, 0.31, 0.21782178217821782, 0.4, 0.3, 0.3, 0.5346534653465347, 0.3069306930693069, 0.28, 0.27, 0.428, 0.5210420841683366, 0.392, 0.564, 0.502, 0.51, 0.33, 0.5571142284569138, 0.2925851703406814, 0.178, 0.4288577154308617, 0.394, 0.3687374749498998, 0.272, 0.37, 0.25, 0.35, 0.2, 0.3, 0.05263157894736842, 0.15789473684210525, 0.42105263157894735, 0.10526315789473684, 0.47368421052631576, 0.39603960396039606, 0.5643564356435643, 0.26732673267326734, 0.32673267326732675, 0.3564356435643564, 0.46534653465346537, 0.45, 0.32673267326732675, 0.35, 0.22, 0.44, 0.268, 0.576, 0.382, 0.46, 0.468, 0.406, 0.4168336673346693, 0.244, 0.41282565130260523, 0.274, 0.25, 0.3, 0.35, 0.2, 0.55, 0.4, 0.25, 0.3, 0.2631578947368421, 0.25, 0.47368421052631576, 0.42574257425742573, 0.38613861386138615, 0.57, 0.504950495049505, 0.36, 0.25742574257425743, 0.31, 0.33663366336633666, 0.24, 0.322, 0.472, 0.312, 0.502, 0.446, 0.268, 0.328, 0.3927855711422846, 0.3, 0.1, 0.4, 0.25, 0.3157894736842105, 0.1, 0.15789473684210525, 0.35, 0.42105263157894735, 0.3157894736842105, 0.4, 0.10526315789473684, 0.10526315789473684, 0.36633663366336633, 0.43564356435643564, 0.5643564356435643, 0.31683168316831684, 0.41, 0.294, 0.436, 0.5, 0.458, 0.268, 0.37074148296593185, 0.412, 0.254, 0.36472945891783565, 0.3226452905811623, 0.45, 0.2, 0.2, 0.2, 0.25, 0.3, 0.35, 0.2, 0.25, 0.35, 0.25, 0.2631578947368421, 0.3, 0.39603960396039606, 0.4752475247524752, 0.3069306930693069, 0.6336633663366337, 0.3564356435643564, 0.5346534653465347, 0.5346534653465347, 0.44554455445544555, 0.2, 0.24752475247524752, 0.27722772277227725, 0.31683168316831684, 0.536, 0.384, 0.44, 0.312625250501002, 0.5090180360721442, 0.214, 0.506, 0.40080160320641284, 0.4288577154308617, 0.3867735470941884, 0.25, 0.2, 0.2631578947368421, 0.10526315789473684, 0.25, 0.3, 0.42105263157894735, 0.2631578947368421, 0.25, 0.3157894736842105, 0.15789473684210525, 0.3684210526315789, 0.37623762376237624, 0.49504950495049505, 0.2871287128712871, 0.5445544554455446, 0.25742574257425743, 0.40594059405940597, 0.27, 0.31683168316831684, 0.364, 0.256, 0.488, 0.47, 0.31, 0.404, 0.316, 0.216, 0.40080160320641284, 0.256, 0.3907815631262525, 0.25, 0.45, 0.35, 0.1, 0.3, 0.3157894736842105, 0.35, 0.15789473684210525, 0.25, 0.25, 0.3684210526315789, 0.5263157894736842, 0.2376237623762376, 0.39603960396039606, 0.35, 0.44554455445544555, 0.3465346534653465, 0.45, 0.3, 0.23, 0.39603960396039606, 0.4, 0.22, 0.542, 0.404, 0.5070140280561122, 0.348, 0.36472945891783565, 0.2, 0.25, 0.15, 0.3157894736842105, 0.35, 0.3, 0.2, 0.48514851485148514, 0.4752475247524752, 0.27722772277227725, 0.26732673267326734, 0.44554455445544555, 0.43, 0.2, 0.22, 0.40594059405940597, 0.19, 0.34, 0.27722772277227725, 0.27, 0.282, 0.531062124248497, 0.326, 0.44, 0.218, 0.4709418837675351, 0.10526315789473684, 0.4, 0.25, 0.3, 0.5, 0.25, 0.42105263157894735, 0.5263157894736842, 0.2, 0.45, 0.25742574257425743, 0.43564356435643564, 0.25, 0.24, 0.31, 0.468, 0.224, 0.378, 0.504, 0.4348697394789579, 0.328, 0.384, 0.424, 0.40480961923847697, 0.44889779559118237, 0.31462925851703405, 0.45490981963927857, 0.264, 0.35, 0.35, 0.3684210526315789, 0.15, 0.3157894736842105, 0.3, 0.3, 0.3, 0.35, 0.25, 0.4, 0.42, 0.33, 0.44554455445544555, 0.45544554455445546, 0.37623762376237624, 0.52, 0.36633663366336633, 0.48, 0.32, 0.31683168316831684, 0.268, 0.322, 0.503006012024048, 0.318, 0.558, 0.294, 0.39879759519038077, 0.424, 0.42685370741482964, 0.25250501002004005, 0.2785571142284569, 0.10526315789473684, 0.45, 0.45, 0.15789473684210525, 0.47368421052631576, 0.2, 0.25, 0.3684210526315789, 0.2631578947368421, 0.39603960396039606, 0.38613861386138615, 0.29, 0.43564356435643564, 0.5148514851485149, 0.39603960396039606, 0.36, 0.44554455445544555, 0.19801980198019803, 0.3, 0.602, 0.462, 0.562, 0.332, 0.552, 0.47, 0.428, 0.296, 0.5811623246492986, 0.5350701402805611, 0.3687374749498998, 0.4, 0.2, 0.21052631578947367, 0.25, 0.25, 0.3157894736842105, 0.2, 0.21052631578947367, 0.0, 0.3564356435643564, 0.5445544554455446, 0.5148514851485149, 0.2871287128712871, 0.16831683168316833, 0.26, 0.23, 0.512, 0.286, 0.4168336673346693, 0.32064128256513025, 0.5090180360721442, 0.434, 0.27, 0.43286573146292584, 0.4849699398797595, 0.34468937875751504, 0.4028056112224449, 0.26, 0.394, 0.5, 0.2631578947368421, 0.35, 0.35, 0.2631578947368421, 0.3157894736842105, 0.3684210526315789, 0.45, 0.3, 0.3684210526315789, 0.2, 0.3069306930693069, 0.45544554455445546, 0.44554455445544555, 0.42574257425742573, 0.37623762376237624, 0.26732673267326734, 0.5346534653465347, 0.42574257425742573, 0.4, 0.4, 0.32, 0.37623762376237624, 0.282, 0.422, 0.344, 0.424, 0.404, 0.4468937875751503, 0.454, 0.24448897795591182, 0.3, 0.222, 0.4188376753507014, 0.262]
