Total side score = 2542
Average side score = 3.22588832487
Side score breakdown = [4, 2, 1, 4, 3, 3, 4, 2, 4, 3, 3, 4, 4, 1, 3, 1, 4, 3, 3, 4, 4, 4, 1, 4, 4, 4, 4, 4, 1, 3, 3, 2, 3, 4, 3, 4, 4, 3, 3, 1, 4, 4, 4, 4, 4, 2, 4, 4, 4, 4, 3, 4, 4, 1, 3, 2, 3, 4, 1, 3, 3, 3, 3, 2, 4, 3, 2, 1, 1, 2, 2, 3, 4, 3, 3, 3, 2, 3, 2, 4, 4, 3, 4, 4, 3, 4, 2, 4, 4, 3, 4, 3, 1, 4, 4, 4, 4, 4, 4, 4, 4, 3, 4, 3, 4, 4, 1, 3, 3, 1, 2, 3, 4, 4, 2, 3, 2, 3, 4, 4, 2, 3, 2, 4, 4, 4, 4, 3, 3, 4, 3, 4, 1, 4, 4, 4, 4, 4, 4, 4, 2, 3, 2, 1, 2, 3, 3, 4, 4, 4, 4, 4, 4, 4, 4, 4, 1, 4, 4, 4, 2, 3, 4, 1, 4, 3, 2, 3, 3, 3, 4, 4, 3, 2, 2, 3, 1, 4, 3, 3, 1, 3, 3, 3, 4, 2, 3, 3, 3, 2, 3, 4, 4, 4, 4, 3, 3, 3, 3, 3, 4, 4, 3, 3, 4, 4, 4, 4, 4, 4, 4, 3, 4, 4, 3, 4, 3, 4, 4, 2, 4, 1, 4, 2, 4, 2, 3, 2, 4, 2, 2, 4, 3, 3, 3, 3, 4, 4, 4, 4, 4, 4, 3, 3, 4, 4, 4, 4, 4, 3, 4, 3, 4, 3, 3, 4, 3, 4, 4, 3, 3, 4, 4, 4, 4, 2, 4, 4, 4, 4, 2, 4, 4, 4, 2, 4, 4, 4, 4, 3, 2, 1, 2, 4, 3, 4, 2, 4, 3, 4, 4, 3, 3, 3, 1, 1, 4, 4, 4, 4, 4, 3, 4, 2, 4, 4, 2, 4, 4, 4, 4, 4, 4, 4, 4, 3, 4, 4, 2, 3, 3, 4, 3, 3, 2, 4, 4, 4, 4, 4, 2, 4, 2, 3, 4, 3, 1, 1, 3, 1, 1, 1, 4, 4, 2, 3, 2, 2, 4, 4, 4, 2, 2, 1, 4, 4, 4, 3, 4, 3, 3, 3, 4, 4, 4, 4, 1, 4, 2, 3, 3, 3, 4, 3, 4, 4, 4, 3, 4, 4, 4, 4, 4, 2, 4, 4, 4, 4, 2, 4, 2, 4, 3, 4, 3, 3, 3, 2, 2, 3, 3, 3, 4, 2, 2, 4, 1, 4, 3, 3, 4, 4, 4, 4, 1, 3, 4, 4, 4, 4, 3, 4, 4, 2, 4, 4, 3, 1, 2, 4, 4, 3, 4, 3, 3, 4, 4, 4, 4, 4, 4, 4, 2, 3, 1, 4, 2, 3, 2, 1, 2, 4, 3, 2, 4, 2, 2, 4, 4, 3, 2, 3, 4, 2, 4, 4, 2, 4, 3, 3, 1, 3, 3, 4, 2, 4, 3, 4, 4, 4, 1, 4, 4, 3, 3, 4, 2, 3, 4, 4, 1, 4, 4, 4, 4, 2, 3, 4, 4, 1, 2, 2, 4, 1, 1, 4, 4, 2, 4, 4, 4, 3, 3, 4, 3, 2, 2, 4, 2, 3, 4, 3, 3, 3, 4, 3, 4, 4, 4, 4, 4, 4, 2, 4, 1, 4, 4, 3, 4, 4, 3, 3, 4, 3, 2, 4, 4, 4, 4, 4, 3, 3, 1, 4, 3, 4, 4, 2, 4, 4, 3, 1, 2, 4, 2, 3, 2, 3, 1, 3, 3, 3, 4, 4, 4, 4, 3, 4, 4, 3, 3, 4, 2, 4, 4, 4, 1, 4, 4, 4, 2, 4, 3, 3, 4, 4, 3, 3, 4, 4, 2, 4, 3, 4, 4, 4, 4, 2, 4, 4, 2, 2, 2, 4, 1, 4, 3, 4, 2, 3, 2, 3, 4, 3, 2, 2, 4, 1, 1, 4, 4, 4, 4, 4, 3, 4, 3, 4, 4, 4, 4, 1, 4, 4, 4, 3, 1, 1, 4, 3, 4, 4, 4, 4, 3, 4, 3, 4, 4, 4, 4, 4, 4, 4, 4, 3, 4, 4, 3, 3, 4, 4, 2, 4, 4, 3, 1, 3, 2, 3, 1, 3, 3, 3, 3, 3, 3, 3, 4, 2, 1, 4, 4, 3, 2, 4, 3, 4, 4, 4, 4, 4, 3, 1, 4, 4, 4, 4, 4, 4, 4, 4, 3, 4, 4, 4, 4, 4, 4, 4, 4, 4, 4, 4, 1, 4, 2, 4, 3, 1, 2, 1, 2, 3, 3, 2, 4, 4, 3, 4, 3, 2, 4, 2, 2, 4, 3, 3, 3, 3, 4, 4, 4, 3, 2, 4, 3, 4, 3, 4, 1, 4, 4, 4, 4, 4, 4, 1, 4, 4, 3, 4, 4, 4, 3, 3, 4, 1, 4, 4, 4, 4, 4, 4, 4, 3, 4, 4]

Total across score = 1502
Average across score = 3.18220338983
Across score breakdown = [3, 3, 1, 4, 1, 4, 3, 3, 3, 4, 4, 3, 4, 4, 4, 4, 2, 4, 4, 4, 4, 2, 4, 4, 4, 4, 3, 4, 4, 4, 2, 3, 4, 4, 4, 4, 3, 4, 4, 4, 1, 4, 4, 1, 4, 3, 3, 3, 2, 3, 4, 4, 4, 4, 2, 1, 1, 4, 3, 3, 4, 4, 4, 4, 4, 4, 2, 3, 3, 4, 2, 4, 3, 3, 4, 2, 4, 3, 4, 4, 3, 3, 2, 3, 2, 4, 3, 4, 3, 4, 3, 2, 3, 4, 4, 4, 4, 4, 2, 3, 2, 4, 2, 4, 4, 4, 4, 4, 2, 4, 4, 3, 2, 3, 1, 4, 3, 3, 2, 4, 4, 3, 3, 3, 4, 4, 4, 3, 4, 3, 2, 4, 4, 4, 4, 2, 3, 4, 2, 4, 2, 4, 3, 4, 3, 2, 4, 2, 2, 3, 4, 3, 2, 3, 3, 4, 1, 4, 4, 2, 3, 3, 4, 3, 3, 2, 3, 4, 4, 2, 4, 4, 4, 1, 1, 1, 3, 4, 2, 3, 4, 4, 4, 4, 4, 2, 4, 3, 4, 3, 2, 4, 4, 4, 4, 2, 3, 4, 4, 4, 4, 3, 4, 4, 4, 4, 2, 1, 2, 4, 1, 3, 3, 3, 2, 3, 4, 4, 4, 4, 4, 3, 4, 4, 3, 3, 3, 4, 4, 4, 2, 3, 4, 4, 4, 2, 4, 3, 4, 4, 4, 3, 1, 2, 4, 3, 1, 2, 2, 3, 1, 3, 4, 4, 3, 4, 4, 2, 4, 4, 3, 2, 4, 4, 3, 4, 2, 2, 4, 4, 4, 1, 4, 4, 3, 4, 3, 3, 4, 3, 4, 3, 2, 4, 3, 3, 3, 4, 4, 4, 2, 3, 4, 4, 3, 3, 4, 4, 4, 3, 3, 4, 2, 4, 4, 4, 4, 3, 4, 4, 4, 4, 1, 2, 3, 1, 3, 2, 2, 2, 4, 2, 4, 4, 2, 3, 2, 2, 4, 4, 1, 4, 2, 4, 4, 4, 4, 4, 3, 4, 4, 4, 4, 4, 2, 3, 3, 4, 4, 3, 4, 4, 4, 3, 3, 2, 2, 4, 2, 4, 4, 4, 3, 4, 4, 4, 3, 4, 2, 2, 3, 4, 3, 4, 4, 4, 3, 4, 3, 1, 3, 3, 4, 1, 2, 3, 3, 3, 3, 1, 1, 1, 4, 1, 4, 4, 2, 2, 3, 2, 3, 3, 4, 4, 2, 3, 4, 2, 3, 3, 4, 2, 1, 2, 4, 3, 2, 3, 1, 4, 4, 4, 3, 3, 2, 2, 4, 4, 2, 4, 4, 4, 1, 1, 4, 4, 2, 4, 2, 2, 2, 4, 3, 4, 4, 4, 2, 4, 4, 3, 4, 3, 3, 3, 3, 4, 3, 2, 3, 2, 3, 4, 4, 3, 3, 2, 4, 4, 4, 2, 4, 2]

Side score avg percent = 0.333809026167
Across score avg percent = 0.351939900069
Side score percent breakdown = [0.3, 0.15, 0.15, 0.35, 0.25, 0.3, 0.55, 0.25, 0.35, 0.2631578947368421, 0.25, 0.47368421052631576, 0.42105263157894735, 0.15, 0.21052631578947367, 0.10526315789473684, 0.35, 0.21052631578947367, 0.3069306930693069, 0.40594059405940597, 0.32673267326732675, 0.44554455445544555, 0.21782178217821782, 0.28, 0.44, 0.5346534653465347, 0.53, 0.3465346534653465, 0.15841584158415842, 0.28, 0.3, 0.21782178217821782, 0.26732673267326734, 0.374, 0.238, 0.59, 0.328, 0.2665330661322645, 0.262, 0.19438877755511022, 0.648, 0.686, 0.38877755511022044, 0.45090180360721444, 0.394, 0.27054108216432865, 0.33, 0.376, 0.3286573146292585, 0.4, 0.25, 0.3, 0.5, 0.05, 0.3, 0.2, 0.3, 0.55, 0.15, 0.25, 0.3, 0.25, 0.2631578947368421, 0.2631578947368421, 0.5789473684210527, 0.25, 0.21052631578947367, 0.10526315789473684, 0.0, 0.25, 0.2, 0.31683168316831684, 0.36633663366336633, 0.26732673267326734, 0.41, 0.22772277227722773, 0.26, 0.36, 0.21782178217821782, 0.6633663366336634, 0.4, 0.29, 0.31683168316831684, 0.4752475247524752, 0.25, 0.3, 0.22772277227722773, 0.32, 0.32673267326732675, 0.27, 0.318, 0.312, 0.218, 0.5571142284569138, 0.532, 0.2925851703406814, 0.622, 0.4288577154308617, 0.48296593186372744, 0.47, 0.394, 0.3286573146292585, 0.3046092184368738, 0.25, 0.35, 0.35, 0.2, 0.25, 0.2, 0.05, 0.15789473684210525, 0.25, 0.35, 0.42105263157894735, 0.21052631578947367, 0.2, 0.10526315789473684, 0.2631578947368421, 0.35, 0.47368421052631576, 0.15789473684210525, 0.2, 0.15789473684210525, 0.43564356435643564, 0.39603960396039606, 0.3465346534653465, 0.45544554455445546, 0.31683168316831684, 0.32673267326732675, 0.41, 0.32673267326732675, 0.504950495049505, 0.19, 0.5, 0.693069306930693, 0.35, 0.6039603960396039, 0.43, 0.52, 0.46534653465346537, 0.19, 0.28, 0.28, 0.1782178217821782, 0.22, 0.34, 0.268, 0.424, 0.332, 0.582, 0.272, 0.632, 0.468, 0.534, 0.406, 0.72, 0.236, 0.384, 0.342685370741483, 0.4, 0.25, 0.25, 0.35, 0.15, 0.45, 0.3, 0.2, 0.25, 0.25, 0.25, 0.3, 0.35, 0.2, 0.2, 0.15, 0.3, 0.15, 0.55, 0.25, 0.3, 0.15, 0.27722772277227725, 0.32673267326732675, 0.31683168316831684, 0.6138613861386139, 0.2079207920792079, 0.32673267326732675, 0.27722772277227725, 0.33663366336633666, 0.23, 0.37, 0.42574257425742573, 0.5346534653465347, 0.59, 0.55, 0.28, 0.33, 0.24752475247524752, 0.27, 0.3306613226452906, 0.348, 0.506, 0.342, 0.248, 0.388, 0.64, 0.35070140280561124, 0.4849699398797595, 0.422, 0.558, 0.328, 0.24, 0.34468937875751504, 0.32665330661322645, 0.3, 0.35, 0.2631578947368421, 0.3, 0.4, 0.2, 0.3157894736842105, 0.15, 0.35, 0.15789473684210525, 0.35, 0.21052631578947367, 0.21052631578947367, 0.2, 0.42105263157894735, 0.2, 0.15, 0.4, 0.3157894736842105, 0.2, 0.3157894736842105, 0.25742574257425743, 0.6039603960396039, 0.4158415841584158, 0.39603960396039606, 0.36633663366336633, 0.3564356435643564, 0.3465346534653465, 0.297029702970297, 0.27722772277227725, 0.55, 0.38613861386138615, 0.6435643564356436, 0.38613861386138615, 0.46, 0.25742574257425743, 0.42, 0.32, 0.41, 0.256, 0.294, 0.344, 0.414, 0.342, 0.338, 0.328, 0.244, 0.26452905811623245, 0.37074148296593185, 0.412, 0.602, 0.254, 0.6012024048096193, 0.496, 0.36472945891783565, 0.61, 0.23, 0.3106212424849699, 0.3226452905811623, 0.37, 0.254, 0.418, 0.2905811623246493, 0.45, 0.4, 0.25, 0.25, 0.05, 0.2, 0.4, 0.3, 0.3, 0.15, 0.35, 0.25, 0.35, 0.3157894736842105, 0.3, 0.15789473684210525, 0.25, 0.15, 0.15789473684210525, 0.2631578947368421, 0.3, 0.3, 0.27722772277227725, 0.39603960396039606, 0.3069306930693069, 0.53, 0.25, 0.49504950495049505, 0.43564356435643564, 0.31683168316831684, 0.3069306930693069, 0.5346534653465347, 0.5247524752475248, 0.44554455445544555, 0.3465346534653465, 0.53, 0.72, 0.38, 0.26, 0.3, 0.38, 0.21782178217821782, 0.2871287128712871, 0.334, 0.358, 0.214, 0.262, 0.23046092184368738, 0.40080160320641284, 0.326, 0.544, 0.4308617234468938, 0.54, 0.24, 0.33266533066132264, 0.258, 0.292, 0.34468937875751504, 0.25, 0.2, 0.15, 0.2631578947368421, 0.10526315789473684, 0.05, 0.05, 0.3, 0.35, 0.2, 0.2631578947368421, 0.2631578947368421, 0.25, 0.35, 0.45, 0.45, 0.2, 0.2, 0.10526315789473684, 0.37623762376237624, 0.33663366336633666, 0.5346534653465347, 0.2871287128712871, 0.3465346534653465, 0.25742574257425743, 0.3069306930693069, 0.3069306930693069, 0.37623762376237624, 0.3465346534653465, 0.52, 0.5841584158415841, 0.1782178217821782, 0.4, 0.31683168316831684, 0.31683168316831684, 0.26732673267326734, 0.28, 0.364, 0.256, 0.328, 0.54, 0.338, 0.278, 0.446, 0.626, 0.40080160320641284, 0.4729458917835671, 0.404, 0.226, 0.4, 0.476, 0.394, 0.4168336673346693, 0.25, 0.45, 0.2, 0.35, 0.25, 0.3, 0.3, 0.3, 0.35, 0.21052631578947367, 0.25, 0.25, 0.3, 0.21052631578947367, 0.3684210526315789, 0.21052631578947367, 0.25, 0.35, 0.21052631578947367, 0.3157894736842105, 0.3069306930693069, 0.2376237623762376, 0.40594059405940597, 0.35, 0.40594059405940597, 0.32673267326732675, 0.12871287128712872, 0.24752475247524752, 0.39603960396039606, 0.49504950495049505, 0.42574257425742573, 0.5247524752475248, 0.27, 0.5346534653465347, 0.52, 0.24752475247524752, 0.32673267326732675, 0.39603960396039606, 0.33, 0.22, 0.24, 0.542, 0.304, 0.334, 0.318, 0.256, 0.4, 0.288, 0.706, 0.348, 0.624, 0.53, 0.422, 0.592, 0.254, 0.2605210420841683, 0.218, 0.34468937875751504, 0.2, 0.25, 0.2, 0.15, 0.21052631578947367, 0.3, 0.2, 0.25, 0.4, 0.21052631578947367, 0.21052631578947367, 0.3157894736842105, 0.4, 0.2, 0.15789473684210525, 0.2631578947368421, 0.43, 0.25742574257425743, 0.46534653465346537, 0.4752475247524752, 0.26732673267326734, 0.38613861386138615, 0.26, 0.32673267326732675, 0.2, 0.3564356435643564, 0.2871287128712871, 0.33663366336633666, 0.22, 0.594059405940594, 0.3564356435643564, 0.5, 0.39, 0.39, 0.15841584158415842, 0.33, 0.3, 0.322, 0.282, 0.508, 0.264, 0.276, 0.272, 0.504, 0.234, 0.358, 0.574, 0.44, 0.49298597194388777, 0.246, 0.25851703406813625, 0.3066132264529058, 0.318, 0.10526315789473684, 0.2631578947368421, 0.15, 0.4, 0.15, 0.1, 0.45, 0.35, 0.15, 0.35, 0.4, 0.35, 0.2631578947368421, 0.2, 0.42105263157894735, 0.21052631578947367, 0.2, 0.15, 0.3157894736842105, 0.15789473684210525, 0.3069306930693069, 0.26732673267326734, 0.4158415841584158, 0.27722772277227725, 0.3465346534653465, 0.40594059405940597, 0.31683168316831684, 0.46534653465346537, 0.3069306930693069, 0.5742574257425742, 0.42, 0.46, 0.3564356435643564, 0.16, 0.46, 0.19801980198019803, 0.37, 0.468, 0.224, 0.4348697394789579, 0.41, 0.384, 0.37675350701402804, 0.278, 0.342, 0.238, 0.374, 0.33, 0.572, 0.314, 0.31462925851703405, 0.318, 0.30060120240480964, 0.2124248496993988, 0.35, 0.2, 0.35, 0.45, 0.15, 0.35, 0.4, 0.3, 0.15, 0.2, 0.47368421052631576, 0.21052631578947367, 0.2, 0.21052631578947367, 0.2, 0.15789473684210525, 0.25, 0.2631578947368421, 0.26732673267326734, 0.3564356435643564, 0.44554455445544555, 0.42, 0.36633663366336633, 0.33, 0.33663366336633666, 0.43564356435643564, 0.37623762376237624, 0.25742574257425743, 0.56, 0.24, 0.44554455445544555, 0.5148514851485149, 0.53, 0.1782178217821782, 0.36, 0.504950495049505, 0.297029702970297, 0.22, 0.31683168316831684, 0.31, 0.25742574257425743, 0.48, 0.3, 0.334, 0.268, 0.276, 0.342, 0.19438877755511022, 0.348, 0.35, 0.49, 0.618, 0.424, 0.508, 0.242, 0.36, 0.344, 0.27655310621242485, 0.242, 0.238, 0.3, 0.10526315789473684, 0.45, 0.25, 0.3, 0.2, 0.35, 0.2, 0.25, 0.3, 0.25, 0.2, 0.2, 0.3684210526315789, 0.1, 0.10526315789473684, 0.4158415841584158, 0.32673267326732675, 0.39603960396039606, 0.40594059405940597, 0.29, 0.3, 0.297029702970297, 0.33663366336633666, 0.5, 0.693069306930693, 0.38, 0.46, 0.13861386138613863, 0.38, 0.36, 0.37, 0.32, 0.22, 0.21, 0.778, 0.3, 0.306, 0.586, 0.308, 0.364, 0.256, 0.638, 0.25250501002004005, 0.428, 0.296, 0.642, 0.5811623246492986, 0.59, 0.542, 0.5350701402805611, 0.5250501002004008, 0.288, 0.593186372745491, 0.3687374749498998, 0.30861723446893785, 0.276, 0.306, 0.2905811623246493, 0.15, 0.4, 0.3157894736842105, 0.2, 0.1, 0.2, 0.2, 0.25, 0.15, 0.3, 0.3, 0.25, 0.25, 0.25, 0.25, 0.25, 0.47368421052631576, 0.2, 0.10526315789473684, 0.3564356435643564, 0.3069306930693069, 0.2871287128712871, 0.26732673267326734, 0.5, 0.38, 0.44554455445544555, 0.6534653465346535, 0.39, 0.33, 0.47, 0.29, 0.18, 0.3465346534653465, 0.2871287128712871, 0.512, 0.286, 0.338, 0.496, 0.354, 0.402, 0.312, 0.51, 0.4088176352705411, 0.392, 0.598, 0.3466933867735471, 0.4965197215777262, 0.43286573146292584, 0.442, 0.37, 0.34468937875751504, 0.436, 0.20841683366733466, 0.5, 0.2, 0.35, 0.2, 0.15, 0.25, 0.1, 0.2, 0.2631578947368421, 0.2, 0.2, 0.35, 0.35, 0.3, 0.3157894736842105, 0.3, 0.25, 0.3157894736842105, 0.05, 0.2631578947368421, 0.45, 0.25, 0.21052631578947367, 0.31683168316831684, 0.3069306930693069, 0.38613861386138615, 0.44554455445544555, 0.504950495049505, 0.37623762376237624, 0.15841584158415842, 0.38613861386138615, 0.26732673267326734, 0.37623762376237624, 0.2871287128712871, 0.57, 0.19, 0.3564356435643564, 0.5544554455445545, 0.5643564356435643, 0.43, 0.42, 0.4, 0.13861386138613863, 0.39603960396039606, 0.4168336673346693, 0.282, 0.4, 0.5190380761523046, 0.352, 0.338, 0.246, 0.532, 0.23, 0.3, 0.554, 0.538, 0.394, 0.3587174348697395, 0.44, 0.35, 0.3306613226452906, 0.336, 0.40480961923847697]
Across score percent breakdown = [0.25, 0.2, 0.2, 0.35, 0.2, 0.3, 0.2631578947368421, 0.35, 0.25, 0.3157894736842105, 0.4, 0.35, 0.4, 0.4752475247524752, 0.594059405940594, 0.5841584158415841, 0.2079207920792079, 0.63, 0.49504950495049505, 0.38613861386138615, 0.34, 0.25742574257425743, 0.52, 0.34, 0.62, 0.4, 0.3, 0.33, 0.648, 0.476, 0.238, 0.284, 0.576, 0.33, 0.45, 0.45090180360721444, 0.31105990783410137, 0.5671342685370742, 0.562, 0.4168336673346693, 0.23, 0.3157894736842105, 0.35, 0.05, 0.35, 0.3157894736842105, 0.2, 0.21052631578947367, 0.25, 0.26732673267326734, 0.3069306930693069, 0.48514851485148514, 0.61, 0.5247524752475248, 0.18811881188118812, 0.22772277227722773, 0.13861386138613863, 0.37, 0.38, 0.36633663366336633, 0.33663366336633666, 0.42084168336673344, 0.318, 0.655310621242485, 0.606, 0.59, 0.214, 0.294, 0.302, 0.4228456913827655, 0.248, 0.4789579158316633, 0.246, 0.302, 0.3, 0.226, 0.46, 0.25, 0.4, 0.35, 0.3, 0.3, 0.25, 0.25, 0.25, 0.3684210526315789, 0.2631578947368421, 0.5544554455445545, 0.3069306930693069, 0.4752475247524752, 0.33, 0.21782178217821782, 0.32, 0.5742574257425742, 0.3069306930693069, 0.336, 0.426, 0.712, 0.24, 0.254, 0.2, 0.43, 0.218, 0.34, 0.531062124248497, 0.8096192384769539, 0.53, 0.672, 0.2925851703406814, 0.296, 0.2785571142284569, 0.3, 0.25, 0.25, 0.10526315789473684, 0.35, 0.3157894736842105, 0.2, 0.21052631578947367, 0.73, 0.42574257425742573, 0.24, 0.27, 0.27, 0.37623762376237624, 0.61, 0.5841584158415841, 0.32, 0.35, 0.25, 0.23, 0.352, 0.646, 0.522, 0.47, 0.242, 0.276, 0.452, 0.218436873747495, 0.5410821643286573, 0.22244488977955912, 0.4348697394789579, 0.31, 0.456, 0.326, 0.278, 0.5, 0.2, 0.25, 0.3, 0.45, 0.2, 0.25, 0.21052631578947367, 0.25, 0.43564356435643564, 0.2, 0.38613861386138615, 0.37623762376237624, 0.24752475247524752, 0.24752475247524752, 0.29, 0.44, 0.29, 0.31, 0.21782178217821782, 0.25, 0.634, 0.412, 0.224, 0.57, 0.372, 0.524, 0.2, 0.15, 0.15, 0.21052631578947367, 0.45, 0.25, 0.2631578947368421, 0.3157894736842105, 0.36633663366336633, 0.32673267326732675, 0.42574257425742573, 0.6336633663366337, 0.2376237623762376, 0.39, 0.39603960396039606, 0.49, 0.32, 0.264, 0.324, 0.586, 0.572, 0.402, 0.1963927855711423, 0.27, 0.4909819639278557, 0.404, 0.402, 0.496, 0.2745490981963928, 0.566, 0.302, 0.29458917835671344, 0.35, 0.15, 0.15, 0.25, 0.3684210526315789, 0.15789473684210525, 0.2631578947368421, 0.2, 0.3157894736842105, 0.3, 0.21052631578947367, 0.297029702970297, 0.4158415841584158, 0.5346534653465347, 0.297029702970297, 0.4, 0.27722772277227725, 0.46534653465346537, 0.45544554455445546, 0.29, 0.27, 0.297029702970297, 0.3069306930693069, 0.5991983967935872, 0.478, 0.20240480961923848, 0.31, 0.592, 0.384, 0.45, 0.234, 0.3587174348697395, 0.276, 0.39478957915831664, 0.7014028056112225, 0.502, 0.3366733466933868, 0.15, 0.2, 0.3, 0.3157894736842105, 0.1, 0.2, 0.2, 0.3157894736842105, 0.05, 0.2631578947368421, 0.5445544554455446, 0.6336633663366337, 0.2376237623762376, 0.46534653465346537, 0.45544554455445546, 0.21, 0.5148514851485149, 0.32673267326732675, 0.3069306930693069, 0.244, 0.636, 0.578, 0.312, 0.482, 0.226, 0.24248496993987975, 0.41282565130260523, 0.3967935871743487, 0.627254509018036, 0.21042084168336672, 0.4, 0.312625250501002, 0.25, 0.3, 0.25, 0.2, 0.35, 0.3, 0.45, 0.2631578947368421, 0.15, 0.3684210526315789, 0.25, 0.2, 0.3157894736842105, 0.35, 0.6732673267326733, 0.39603960396039606, 0.24752475247524752, 0.21782178217821782, 0.72, 0.49504950495049505, 0.3069306930693069, 0.26, 0.41, 0.674, 0.63, 0.296, 0.324, 0.5090180360721442, 0.18036072144288579, 0.486, 0.43286573146292584, 0.54, 0.5871743486973948, 0.284, 0.56312625250501, 0.35671342685370744, 0.31, 0.4, 0.2, 0.25, 0.25, 0.15, 0.2, 0.15, 0.2, 0.2, 0.3157894736842105, 0.15841584158415842, 0.5841584158415841, 0.49504950495049505, 0.24752475247524752, 0.31683168316831684, 0.21782178217821782, 0.18, 0.51, 0.57, 0.18811881188118812, 0.72, 0.29, 0.29, 0.294, 0.626, 0.634, 0.44, 0.324, 0.616, 0.494, 0.5050100200400801, 0.586, 0.42084168336673344, 0.23, 0.34468937875751504, 0.258, 0.35, 0.45, 0.25, 0.4, 0.45, 0.4, 0.2631578947368421, 0.35, 0.15789473684210525, 0.2, 0.42105263157894735, 0.25, 0.6831683168316832, 0.4752475247524752, 0.4158415841584158, 0.33, 0.5, 0.494, 0.596, 0.262, 0.482, 0.206, 0.228, 0.36, 0.3927855711422846, 0.276, 0.538, 0.536, 0.636, 0.3, 0.4, 0.25, 0.10526315789473684, 0.2, 0.3, 0.4, 0.2, 0.2, 0.3157894736842105, 0.3157894736842105, 0.3, 0.3157894736842105, 0.10526315789473684, 0.15, 0.21782178217821782, 0.5247524752475248, 0.1782178217821782, 0.39603960396039606, 0.42574257425742573, 0.2376237623762376, 0.22772277227722773, 0.38613861386138615, 0.2376237623762376, 0.26732673267326734, 0.26732673267326734, 0.554, 0.414, 0.21042084168336672, 0.236, 0.61, 0.18637274549098196, 0.3, 0.25, 0.3, 0.21052631578947367, 0.2, 0.21052631578947367, 0.3684210526315789, 0.2, 0.25, 0.3, 0.05263157894736842, 0.44554455445544555, 0.42574257425742573, 0.3564356435643564, 0.2871287128712871, 0.3, 0.24752475247524752, 0.25742574257425743, 0.45544554455445546, 0.32673267326732675, 0.24, 0.51, 0.4158415841584158, 0.36633663366336633, 0.14, 0.13, 0.658, 0.542, 0.20641282565130262, 0.6392785571142284, 0.202, 0.26, 0.24248496993987975, 0.564, 0.2785571142284569, 0.40080160320641284, 0.28, 0.35, 0.2, 0.3157894736842105, 0.5263157894736842, 0.3, 0.3, 0.3157894736842105, 0.2376237623762376, 0.3564356435643564, 0.36, 0.594059405940594, 0.3, 0.25742574257425743, 0.27, 0.26, 0.26, 0.684, 0.396, 0.35, 0.306, 0.212, 0.384, 0.422, 0.548, 0.262, 0.3667334669338677, 0.2565130260521042]
