Total side score = 2714
Average side score = 3.40954773869
Side score breakdown = [4, 3, 4, 1, 2, 3, 4, 3, 3, 3, 2, 4, 3, 4, 2, 4, 4, 4, 2, 4, 4, 4, 3, 4, 3, 3, 4, 4, 4, 3, 4, 4, 4, 4, 3, 4, 3, 4, 4, 4, 4, 4, 2, 2, 3, 4, 4, 4, 4, 4, 4, 4, 4, 4, 4, 4, 3, 4, 4, 3, 1, 3, 3, 4, 4, 4, 4, 3, 4, 4, 4, 2, 3, 3, 2, 3, 1, 3, 4, 3, 4, 4, 4, 4, 4, 3, 4, 2, 4, 4, 4, 4, 4, 4, 3, 4, 4, 4, 4, 4, 4, 4, 4, 4, 4, 3, 4, 4, 2, 2, 3, 3, 4, 4, 4, 4, 4, 4, 4, 4, 1, 4, 3, 4, 4, 4, 4, 3, 3, 1, 4, 4, 2, 3, 2, 4, 2, 2, 4, 2, 3, 4, 4, 4, 4, 4, 2, 4, 2, 3, 4, 4, 4, 4, 4, 4, 4, 4, 2, 4, 4, 4, 4, 4, 4, 4, 4, 3, 4, 4, 4, 4, 4, 4, 4, 4, 2, 3, 3, 4, 1, 4, 4, 4, 2, 4, 4, 3, 3, 1, 4, 2, 3, 2, 3, 2, 2, 4, 4, 4, 4, 4, 4, 4, 4, 4, 4, 4, 4, 4, 4, 4, 2, 4, 4, 4, 4, 3, 4, 4, 4, 4, 4, 4, 2, 1, 2, 2, 3, 3, 4, 2, 3, 4, 4, 2, 3, 4, 2, 2, 4, 4, 3, 4, 4, 4, 4, 3, 4, 4, 4, 4, 4, 3, 4, 4, 4, 4, 4, 4, 4, 4, 4, 4, 4, 4, 4, 4, 2, 2, 4, 4, 4, 2, 3, 4, 4, 4, 4, 4, 4, 4, 4, 4, 4, 3, 4, 4, 4, 2, 1, 3, 1, 4, 1, 4, 3, 2, 2, 2, 2, 4, 3, 3, 2, 2, 4, 2, 4, 4, 4, 4, 4, 3, 4, 4, 2, 4, 3, 4, 4, 4, 4, 4, 4, 4, 4, 4, 3, 4, 2, 4, 2, 4, 4, 4, 4, 4, 3, 4, 4, 4, 4, 4, 4, 2, 3, 3, 4, 1, 2, 1, 4, 4, 2, 2, 4, 4, 1, 3, 1, 3, 4, 1, 4, 1, 3, 4, 4, 4, 4, 4, 4, 3, 4, 2, 4, 4, 4, 4, 4, 4, 4, 4, 3, 4, 3, 4, 4, 3, 3, 4, 4, 4, 4, 4, 4, 4, 4, 3, 3, 2, 4, 4, 4, 2, 4, 3, 4, 2, 4, 3, 1, 3, 2, 3, 3, 1, 3, 4, 4, 4, 4, 4, 4, 4, 4, 4, 4, 4, 2, 4, 2, 4, 4, 4, 4, 4, 4, 4, 4, 4, 4, 4, 4, 4, 3, 4, 4, 4, 4, 4, 4, 4, 4, 4, 4, 4, 4, 4, 2, 2, 3, 4, 2, 4, 2, 1, 1, 3, 3, 4, 4, 2, 4, 4, 4, 4, 3, 2, 1, 4, 4, 4, 4, 4, 2, 3, 4, 2, 4, 4, 2, 4, 2, 4, 4, 4, 4, 4, 3, 4, 4, 4, 4, 4, 2, 4, 4, 4, 4, 4, 4, 4, 4, 4, 4, 4, 4, 1, 2, 1, 4, 3, 2, 1, 2, 4, 4, 3, 3, 2, 3, 4, 2, 3, 3, 2, 4, 4, 4, 4, 4, 3, 3, 2, 4, 4, 4, 4, 2, 2, 4, 4, 4, 4, 4, 4, 4, 4, 2, 3, 4, 4, 3, 4, 4, 4, 3, 4, 4, 4, 4, 4, 4, 4, 4, 4, 3, 4, 1, 3, 2, 4, 2, 3, 4, 4, 1, 2, 4, 4, 4, 4, 4, 4, 4, 4, 4, 4, 1, 3, 4, 4, 4, 4, 4, 3, 3, 4, 4, 4, 4, 4, 4, 4, 2, 4, 4, 4, 4, 4, 4, 4, 4, 2, 4, 3, 3, 3, 2, 4, 1, 1, 2, 2, 3, 2, 4, 4, 3, 3, 2, 2, 3, 2, 3, 1, 2, 4, 4, 4, 4, 4, 4, 4, 3, 4, 4, 2, 4, 4, 4, 4, 4, 4, 4, 4, 4, 4, 2, 4, 4, 4, 4, 3, 4, 4, 4, 4, 4, 4, 4, 4, 4, 4, 3, 3, 4, 4, 3, 1, 2, 2, 2, 2, 3, 4, 1, 3, 4, 2, 2, 2, 4, 2, 4, 4, 3, 4, 2, 4, 4, 4, 4, 3, 4, 4, 4, 4, 4, 4, 4, 4, 3, 4, 4, 4, 4, 4, 3, 3, 4, 4, 3, 4, 4, 4, 4, 4, 4, 4, 2, 1, 3, 3, 4, 2, 4, 2, 3, 3, 3, 4, 4, 2, 4, 3, 2, 3, 2, 4, 4, 4, 1, 3, 4, 4, 2, 3, 4, 3, 3, 4, 4, 2, 3, 2, 4, 4, 3, 4, 4, 3, 4, 4, 4, 4, 4, 4, 4, 4, 4, 4, 1, 2]

Total across score = 1602
Average across score = 3.35146443515
Across score breakdown = [3, 4, 3, 4, 4, 3, 3, 3, 4, 3, 2, 3, 4, 4, 4, 2, 4, 3, 3, 4, 4, 4, 4, 3, 4, 3, 3, 4, 4, 1, 3, 2, 2, 4, 4, 4, 4, 3, 2, 3, 4, 2, 3, 4, 4, 3, 4, 4, 3, 2, 4, 4, 4, 4, 3, 3, 4, 4, 4, 4, 3, 3, 4, 4, 2, 3, 2, 3, 3, 4, 4, 4, 3, 3, 4, 4, 4, 4, 3, 3, 3, 4, 4, 4, 4, 3, 3, 4, 4, 4, 4, 3, 3, 4, 3, 4, 4, 2, 1, 2, 1, 4, 3, 3, 4, 4, 4, 3, 4, 3, 3, 4, 3, 3, 4, 4, 4, 4, 4, 3, 4, 3, 3, 4, 4, 4, 4, 3, 4, 4, 4, 3, 4, 4, 1, 2, 4, 4, 1, 2, 3, 3, 4, 4, 4, 4, 3, 3, 4, 3, 4, 3, 3, 4, 3, 3, 3, 1, 4, 4, 4, 1, 2, 4, 4, 4, 4, 4, 4, 4, 3, 3, 1, 3, 4, 4, 4, 3, 4, 4, 4, 4, 3, 3, 4, 4, 4, 4, 4, 2, 4, 4, 3, 4, 3, 1, 4, 4, 2, 2, 1, 3, 3, 2, 4, 4, 4, 3, 4, 4, 4, 3, 2, 3, 4, 4, 4, 2, 4, 4, 4, 4, 3, 3, 3, 4, 4, 4, 4, 2, 4, 4, 3, 4, 4, 4, 2, 2, 3, 3, 2, 4, 3, 4, 3, 4, 4, 4, 4, 4, 4, 3, 3, 3, 4, 4, 4, 3, 3, 4, 2, 4, 4, 4, 4, 2, 4, 1, 4, 3, 3, 4, 2, 4, 4, 4, 4, 4, 3, 3, 4, 4, 4, 4, 3, 4, 4, 3, 3, 4, 4, 4, 3, 3, 1, 2, 4, 2, 2, 4, 4, 3, 3, 4, 4, 2, 2, 3, 4, 4, 4, 4, 3, 3, 4, 4, 4, 3, 3, 3, 3, 3, 4, 3, 3, 2, 4, 4, 4, 3, 3, 4, 3, 3, 4, 2, 1, 4, 1, 1, 3, 4, 2, 3, 3, 4, 4, 4, 4, 4, 3, 3, 3, 3, 3, 4, 4, 4, 3, 4, 3, 3, 4, 4, 4, 4, 4, 4, 3, 4, 4, 4, 1, 1, 3, 4, 3, 2, 4, 4, 4, 4, 4, 4, 4, 3, 3, 4, 4, 4, 4, 4, 3, 3, 3, 4, 3, 2, 4, 4, 2, 4, 3, 3, 4, 3, 3, 4, 3, 3, 3, 3, 4, 4, 2, 3, 3, 2, 3, 4, 4, 4, 4, 3, 3, 3, 4, 4, 4, 3, 3, 3, 4, 3, 3, 4, 3, 3, 3, 4, 4, 2, 4, 4, 1, 2, 1, 2, 3, 3, 1, 3, 4, 4, 4, 3, 4, 3, 3, 3, 4, 3, 4, 3, 3, 4, 4, 4, 4, 3, 4, 3, 4, 4, 4, 3, 3, 4]

Side score avg percent = 0.355221389749
Across score avg percent = 0.356944280325
Side score percent breakdown = [0.2608695652173913, 0.21739130434782608, 0.4375, 0.2, 0.16666666666666666, 0.25, 0.4444444444444444, 0.2631578947368421, 0.3125, 0.18181818181818182, 0.15789473684210525, 0.4090909090909091, 0.2777777777777778, 0.3157894736842105, 0.25, 0.4444444444444444, 0.49107142857142855, 0.5833333333333334, 0.2033898305084746, 0.5131578947368421, 0.45454545454545453, 0.4148936170212766, 0.1951219512195122, 0.494949494949495, 0.29245283018867924, 0.3592233009708738, 0.40384615384615385, 0.48214285714285715, 0.5252525252525253, 0.34545454545454546, 0.496, 0.3425925925925926, 0.37373737373737376, 0.375, 0.3469387755102041, 0.3595505617977528, 0.26804123711340205, 0.4296875, 0.46825396825396826, 0.5, 0.5018939393939394, 0.41102756892230574, 0.23309608540925267, 0.17531305903398928, 0.23992673992673993, 0.3576158940397351, 0.36792452830188677, 0.39539347408829173, 0.5251215559157212, 0.616557734204793, 0.4236111111111111, 0.46096654275092935, 0.4726890756302521, 0.3542116630669546, 0.4470588235294118, 0.3495762711864407, 0.22540250447227192, 0.3605577689243028, 0.38095238095238093, 0.23809523809523808, 0.13636363636363635, 0.3157894736842105, 0.2727272727272727, 0.4583333333333333, 0.47619047619047616, 0.35294117647058826, 0.3333333333333333, 0.3684210526315789, 0.3888888888888889, 0.3125, 0.44, 0.19047619047619047, 0.2222222222222222, 0.2631578947368421, 0.14285714285714285, 0.23809523809523808, 0.0, 0.2631578947368421, 0.3333333333333333, 0.3333333333333333, 0.5283018867924528, 0.40789473684210525, 0.4117647058823529, 0.5126050420168067, 0.38144329896907214, 0.26732673267326734, 0.5274725274725275, 0.15126050420168066, 0.3548387096774194, 0.44, 0.5447154471544715, 0.4603174603174603, 0.43243243243243246, 0.28888888888888886, 0.22935779816513763, 0.45045045045045046, 0.297029702970297, 0.453781512605042, 0.41975308641975306, 0.3333333333333333, 0.35730337078651686, 0.48952095808383234, 0.559040590405904, 0.45796064400715564, 0.47715736040609136, 0.28, 0.363013698630137, 0.5194805194805194, 0.16473988439306358, 0.22784810126582278, 0.28185328185328185, 0.24086378737541528, 0.38421052631578945, 0.46206896551724136, 0.4326750448833034, 0.4358974358974359, 0.37030075187969924, 0.3865546218487395, 0.35502958579881655, 0.41308089500860584, 0.1819620253164557, 0.3579418344519016, 0.21739130434782608, 0.3684210526315789, 0.38095238095238093, 0.3684210526315789, 0.3333333333333333, 0.22727272727272727, 0.25, 0.058823529411764705, 0.375, 0.38095238095238093, 0.18181818181818182, 0.25, 0.19047619047619047, 0.4090909090909091, 0.18181818181818182, 0.17647058823529413, 0.35294117647058826, 0.2, 0.35, 0.47368421052631576, 0.38461538461538464, 0.45901639344262296, 0.5111111111111111, 0.4485981308411215, 0.226890756302521, 0.40625, 0.22018348623853212, 0.26851851851851855, 0.4473684210526316, 0.5882352941176471, 0.3854166666666667, 0.40186915887850466, 0.42696629213483145, 0.45614035087719296, 0.3853211009174312, 0.37142857142857144, 0.29473684210526313, 0.45132743362831856, 0.39325842696629215, 0.5581395348837209, 0.4421052631578947, 0.3908256880733945, 0.4609375, 0.4778156996587031, 0.43005181347150256, 0.33203125, 0.48322147651006714, 0.30620985010706636, 0.38990825688073394, 0.5321285140562249, 0.5607476635514018, 0.337890625, 0.4172661870503597, 0.3422459893048128, 0.2979591836734694, 0.2692307692307692, 0.23809523809523808, 0.4, 0.15, 0.3684210526315789, 0.4090909090909091, 0.2777777777777778, 0.2, 0.4782608695652174, 0.4375, 0.3157894736842105, 0.2631578947368421, 0.06666666666666667, 0.44, 0.18181818181818182, 0.23529411764705882, 0.21052631578947367, 0.21739130434782608, 0.16666666666666666, 0.2, 0.4574468085106383, 0.5757575757575758, 0.3829787234042553, 0.32954545454545453, 0.44565217391304346, 0.4957983193277311, 0.37272727272727274, 0.36363636363636365, 0.3674832962138085, 0.3418467583497053, 0.49768875192604006, 0.437847866419295, 0.48936170212765956, 0.5655021834061136, 0.3424317617866005, 0.2514177693761815, 0.40756302521008403, 0.4031620553359684, 0.5254515599343186, 0.40441176470588236, 0.4015544041450777, 0.44964028776978415, 0.49287169042769857, 0.2939914163090129, 0.4361525704809287, 0.31844660194174756, 0.3712121212121212, 0.28542094455852157, 0.21188118811881188, 0.1111111111111111, 0.19047619047619047, 0.25, 0.22727272727272727, 0.3684210526315789, 0.21052631578947367, 0.2857142857142857, 0.3888888888888889, 0.3, 0.23809523809523808, 0.2, 0.35294117647058826, 0.16666666666666666, 0.2, 0.38095238095238093, 0.3333333333333333, 0.2727272727272727, 0.42857142857142855, 0.3157894736842105, 0.45263157894736844, 0.5126050420168067, 0.34065934065934067, 0.3925233644859813, 0.4583333333333333, 0.3870967741935484, 0.3333333333333333, 0.5966386554621849, 0.25252525252525254, 0.411214953271028, 0.3707865168539326, 0.46296296296296297, 0.4742268041237113, 0.3465346534653465, 0.3394495412844037, 0.422680412371134, 0.37, 0.42351046698872785, 0.42053789731051344, 0.49147286821705427, 0.404553415061296, 0.4120982986767486, 0.37748344370860926, 0.19072164948453607, 0.2667910447761194, 0.5026642984014209, 0.3403755868544601, 0.5, 0.23616236162361623, 0.3156862745098039, 0.5605214152700186, 0.39072847682119205, 0.6024096385542169, 0.5051020408163265, 0.36152219873150104, 0.48878205128205127, 0.359026369168357, 0.5220729366602687, 0.3814814814814815, 0.3978494623655914, 0.28516377649325625, 0.518595041322314, 0.4100418410041841, 0.42105263157894735, 0.18181818181818182, 0.2, 0.25, 0.13636363636363635, 0.375, 0.16666666666666666, 0.35, 0.23529411764705882, 0.15789473684210525, 0.18181818181818182, 0.2222222222222222, 0.25, 0.42105263157894735, 0.2631578947368421, 0.23809523809523808, 0.17647058823529413, 0.17391304347826086, 0.3157894736842105, 0.14285714285714285, 0.30434782608695654, 0.46078431372549017, 0.3793103448275862, 0.37037037037037035, 0.5888888888888889, 0.3333333333333333, 0.44, 0.5294117647058824, 0.32989690721649484, 0.41818181818181815, 0.22935779816513763, 0.4838709677419355, 0.4090909090909091, 0.35135135135135137, 0.3838383838383838, 0.39603960396039606, 0.41116751269035534, 0.4643423137876387, 0.4238921001926782, 0.3899782135076253, 0.35304990757855825, 0.4854368932038835, 0.18652849740932642, 0.6123778501628665, 0.22282608695652173, 0.3528138528138528, 0.41391304347826086, 0.5103189493433395, 0.5210084033613446, 0.43775933609958506, 0.31136363636363634, 0.3788187372708758, 0.4631217838765009, 0.376425855513308, 0.43926788685524126, 0.31069958847736623, 0.38911290322580644, 0.2792207792207792, 0.30962343096234307, 0.25, 0.3684210526315789, 0.1, 0.2, 0.047619047619047616, 0.35, 0.3157894736842105, 0.25, 0.2631578947368421, 0.35, 0.4, 0.15789473684210525, 0.23529411764705882, 0.14285714285714285, 0.25, 0.3157894736842105, 0.125, 0.35, 0.15, 0.23809523809523808, 0.3225806451612903, 0.5, 0.4, 0.46226415094339623, 0.40229885057471265, 0.3235294117647059, 0.34579439252336447, 0.41836734693877553, 0.1875, 0.3838383838383838, 0.48760330578512395, 0.5280898876404494, 0.40707964601769914, 0.3939393939393939, 0.39603960396039606, 0.35714285714285715, 0.42592592592592593, 0.2727272727272727, 0.38120567375886527, 0.41422594142259417, 0.44525547445255476, 0.3976470588235294, 0.3235294117647059, 0.3837638376383764, 0.3422818791946309, 0.4423791821561338, 0.3200883002207506, 0.37957610789980734, 0.33204633204633205, 0.4191829484902309, 0.34150943396226413, 0.3577981651376147, 0.44562334217506633, 0.2537313432835821, 0.23809523809523808, 0.35, 0.4090909090909091, 0.35294117647058826, 0.2, 0.35, 0.375, 0.3157894736842105, 0.2, 0.35294117647058826, 0.25, 0.15789473684210525, 0.2631578947368421, 0.13636363636363635, 0.2727272727272727, 0.3125, 0.2, 0.16666666666666666, 0.4166666666666667, 0.4019607843137255, 0.3684210526315789, 0.4857142857142857, 0.4166666666666667, 0.422680412371134, 0.3626373626373626, 0.4778761061946903, 0.5222222222222223, 0.41284403669724773, 0.45544554455445546, 0.18691588785046728, 0.37894736842105264, 0.26, 0.40816326530612246, 0.4649122807017544, 0.47368421052631576, 0.4166666666666667, 0.4642857142857143, 0.39603960396039606, 0.37383177570093457, 0.35714285714285715, 0.4352226720647773, 0.34782608695652173, 0.5906432748538012, 0.3479212253829322, 0.3318077803203661, 0.23694029850746268, 0.5440414507772021, 0.3403805496828753, 0.37259100642398285, 0.5174129353233831, 0.3951310861423221, 0.46395563770794823, 0.5431192660550459, 0.3252336448598131, 0.4656616415410385, 0.352, 0.3824091778202677, 0.3374233128834356, 0.422680412371134, 0.2714285714285714, 0.21052631578947367, 0.2777777777777778, 0.42105263157894735, 0.2, 0.45, 0.2222222222222222, 0.17647058823529413, 0.10526315789473684, 0.21739130434782608, 0.3, 0.3684210526315789, 0.3333333333333333, 0.18181818181818182, 0.3888888888888889, 0.3333333333333333, 0.42105263157894735, 0.42857142857142855, 0.21052631578947367, 0.21052631578947367, 0.058823529411764705, 0.44545454545454544, 0.47474747474747475, 0.576271186440678, 0.45918367346938777, 0.4105263157894737, 0.22522522522522523, 0.3263157894736842, 0.449438202247191, 0.1896551724137931, 0.46956521739130436, 0.37755102040816324, 0.205607476635514, 0.5420560747663551, 0.16666666666666666, 0.4117647058823529, 0.3577981651376147, 0.3541666666666667, 0.38317757009345793, 0.3235294117647059, 0.23076923076923078, 0.4649122807017544, 0.5204918032786885, 0.5780445969125214, 0.6762402088772846, 0.4280155642023346, 0.23716814159292035, 0.4438860971524288, 0.3034934497816594, 0.3874458874458874, 0.37667304015296366, 0.4872665534804754, 0.5590062111801242, 0.47, 0.4935064935064935, 0.37401574803149606, 0.44324324324324327, 0.35634328358208955, 0.42105263157894735, 0.2066115702479339, 0.2612244897959184, 0.19047619047619047, 0.21739130434782608, 0.3, 0.21052631578947367, 0.13333333333333333, 0.2, 0.375, 0.3333333333333333, 0.25, 0.3157894736842105, 0.15789473684210525, 0.23809523809523808, 0.3125, 0.16, 0.2777777777777778, 0.2777777777777778, 0.16326530612244897, 0.4444444444444444, 0.4583333333333333, 0.3333333333333333, 0.41836734693877553, 0.4105263157894737, 0.21818181818181817, 0.43617021276595747, 0.21929824561403508, 0.3875, 0.32978723404255317, 0.4375, 0.39316239316239315, 0.2604166666666667, 0.31521739130434784, 0.4315068493150685, 0.32096069868995636, 0.46996996996997, 0.48, 0.5610619469026549, 0.5371287128712872, 0.42830882352941174, 0.4343220338983051, 0.21178637200736647, 0.2697495183044316, 0.3549107142857143, 0.3436807095343681, 0.25963488843813387, 0.34949494949494947, 0.4673202614379085, 0.5357917570498916, 0.3291814946619217, 0.41680672268907565, 0.40152963671128106, 0.3726235741444867, 0.4608695652173913, 0.29791271347248577, 0.40974729241877256, 0.42857142857142855, 0.42105263157894735, 0.42857142857142855, 0.3157894736842105, 0.36363636363636365, 0.05263157894736842, 0.22727272727272727, 0.2222222222222222, 0.35294117647058826, 0.2222222222222222, 0.2857142857142857, 0.38095238095238093, 0.4, 0.1, 0.21052631578947367, 0.43157894736842106, 0.42857142857142855, 0.42857142857142855, 0.45918367346938777, 0.46153846153846156, 0.2903225806451613, 0.4482758620689655, 0.4666666666666667, 0.3157894736842105, 0.31868131868131866, 0.18, 0.36666666666666664, 0.4117647058823529, 0.4727272727272727, 0.42452830188679247, 0.4811320754716981, 0.37623762376237624, 0.38461538461538464, 0.25, 0.38392857142857145, 0.36792452830188677, 0.5190839694656488, 0.3770491803278688, 0.5176470588235295, 0.3369330453563715, 0.5279850746268657, 0.24763705103969755, 0.429126213592233, 0.5264054514480409, 0.4567699836867863, 0.38996138996138996, 0.4652014652014652, 0.3364485981308411, 0.4394184168012924, 0.368763557483731, 0.2948717948717949, 0.34, 0.3, 0.2777777777777778, 0.21052631578947367, 0.21052631578947367, 0.38095238095238093, 0.15789473684210525, 0.19047619047619047, 0.16666666666666666, 0.21052631578947367, 0.2631578947368421, 0.21052631578947367, 0.4090909090909091, 0.2608695652173913, 0.3157894736842105, 0.2222222222222222, 0.16666666666666666, 0.17391304347826086, 0.4, 0.14285714285714285, 0.2, 0.1111111111111111, 0.2222222222222222, 0.4368932038834951, 0.3707865168539326, 0.37037037037037035, 0.5824175824175825, 0.47, 0.34285714285714286, 0.4065934065934066, 0.256, 0.4642857142857143, 0.4673913043478261, 0.18584070796460178, 0.4406779661016949, 0.4215686274509804, 0.546875, 0.4339622641509434, 0.36936936936936937, 0.3917525773195876, 0.4, 0.375, 0.38095238095238093, 0.41904761904761906, 0.26804123711340205, 0.4346590909090909, 0.5146520146520146, 0.4128686327077748, 0.6885714285714286, 0.3187855787476281, 0.4358974358974359, 0.7829268292682927, 0.46, 0.5853174603174603, 0.3818770226537217, 0.45132743362831856, 0.43594009983361065, 0.3333333333333333, 0.4942084942084942, 0.3672014260249554, 0.3632075471698113, 0.3494736842105263, 0.5529157667386609, 0.3298097251585624, 0.3157894736842105, 0.10526315789473684, 0.19047619047619047, 0.21052631578947367, 0.21052631578947367, 0.19047619047619047, 0.375, 0.3888888888888889, 0.14285714285714285, 0.25, 0.3684210526315789, 0.21052631578947367, 0.22727272727272727, 0.2222222222222222, 0.35, 0.21052631578947367, 0.35, 0.3229166666666667, 0.3218390804597701, 0.39361702127659576, 0.2358490566037736, 0.55, 0.5, 0.423728813559322, 0.37777777777777777, 0.358695652173913, 0.41509433962264153, 0.5365853658536586, 0.5930232558139535, 0.36666666666666664, 0.46534653465346537, 0.43373493975903615, 0.41025641025641024, 0.35, 0.26881720430107525, 0.3695090439276486, 0.4568421052631579, 0.37389380530973454, 0.38589981447124305, 0.3782051282051282, 0.3241106719367589, 0.27111984282907664, 0.4086629001883239, 0.3348314606741573, 0.29747899159663865, 0.5838509316770186, 0.3602251407129456, 0.39862542955326463, 0.3474747474747475, 0.39801980198019804, 0.40160642570281124, 0.5, 0.25, 0.15, 0.2777777777777778, 0.21052631578947367, 0.38095238095238093, 0.2, 0.4375, 0.23809523809523808, 0.2857142857142857, 0.3333333333333333, 0.2857142857142857, 0.3684210526315789, 0.2608695652173913, 0.18181818181818182, 0.391304347826087, 0.29411764705882354, 0.21052631578947367, 0.3333333333333333, 0.25, 0.44660194174757284, 0.4148936170212766, 0.5206611570247934, 0.13513513513513514, 0.33962264150943394, 0.4778761061946903, 0.4470588235294118, 0.23853211009174313, 0.3829787234042553, 0.5588235294117647, 0.4019607843137255, 0.25961538461538464, 0.4672131147540984, 0.3508771929824561, 0.26262626262626265, 0.3263157894736842, 0.24468085106382978, 0.41453831041257366, 0.40899795501022496, 0.3465783664459161, 0.3793103448275862, 0.7507002801120448, 0.5079726651480638, 0.3416856492027335, 0.3488372093023256, 0.46476510067114096, 0.5513078470824949, 0.4841930116472546, 0.3860640301318267, 0.4280155642023346, 0.35040983606557374, 0.4141914191419142, 0.4473684210526316, 0.20948616600790515, 0.27429805615550756]
Across score percent breakdown = [0.3888888888888889, 0.5, 0.35294117647058826, 0.29411764705882354, 0.4, 0.2631578947368421, 0.2777777777777778, 0.23809523809523808, 0.375, 0.23529411764705882, 0.21052631578947367, 0.36, 0.5714285714285714, 0.5309734513274337, 0.4827586206896552, 0.17708333333333334, 0.4567901234567901, 0.297029702970297, 0.25961538461538464, 0.47466216216216217, 0.5634782608695652, 0.6424116424116424, 0.46348314606741575, 0.1925925925925926, 0.43207126948775054, 0.2912801484230056, 0.32741617357001973, 0.4674329501915709, 0.2857142857142857, 0.14285714285714285, 0.2631578947368421, 0.2631578947368421, 0.25, 0.48, 0.45263157894736844, 0.43434343434343436, 0.44086021505376344, 0.27522935779816515, 0.1553398058252427, 0.45555555555555555, 0.4074074074074074, 0.2549019607843137, 0.37894736842105264, 0.5405405405405406, 0.46, 0.3258426966292135, 0.37373737373737376, 0.391304347826087, 0.3548387096774194, 0.22772277227722773, 0.4196078431372549, 0.44982698961937717, 0.3549107142857143, 0.4115586690017513, 0.3333333333333333, 0.28937007874015747, 0.3893653516295026, 0.5334476843910806, 0.48089887640449436, 0.3682092555331992, 0.3158995815899582, 0.340956340956341, 0.3684210526315789, 0.3684210526315789, 0.2631578947368421, 0.25, 0.2, 0.3, 0.25, 0.41237113402061853, 0.47107438016528924, 0.4827586206896552, 0.34375, 0.2204724409448819, 0.504424778761062, 0.5303030303030303, 0.4954954954954955, 0.5754716981132075, 0.27722772277227725, 0.37777777777777777, 0.35196687370600416, 0.5741935483870968, 0.48771929824561405, 0.3271889400921659, 0.5035128805620609, 0.2741020793950851, 0.2533783783783784, 0.5658263305322129, 0.5334645669291339, 0.4709976798143852, 0.4117647058823529, 0.31317494600431967, 0.3058161350844278, 0.42829827915869984, 0.3138075313807531, 0.3333333333333333, 0.3888888888888889, 0.19047619047619047, 0.2, 0.19047619047619047, 0.15789473684210525, 0.44, 0.3157894736842105, 0.3113207547169811, 0.5803571428571429, 0.6326530612244898, 0.46788990825688076, 0.2336448598130841, 0.4954954954954955, 0.38372093023255816, 0.2523364485981308, 0.5, 0.3592233009708738, 0.3076923076923077, 0.5648148148148148, 0.36082474226804123, 0.2809917355371901, 0.42105263157894735, 0.43, 0.3333333333333333, 0.39090909090909093, 0.31683168316831684, 0.33880903490759756, 0.5370370370370371, 0.421259842519685, 0.34945054945054943, 0.5923423423423423, 0.31204379562043794, 0.47509578544061304, 0.49295774647887325, 0.5466417910447762, 0.19734660033167495, 0.340080971659919, 0.3157894736842105, 0.13043478260869565, 0.17647058823529413, 0.3181818181818182, 0.21739130434782608, 0.11764705882352941, 0.1875, 0.3, 0.21052631578947367, 0.5063291139240507, 0.37755102040816324, 0.39, 0.35185185185185186, 0.3333333333333333, 0.2616822429906542, 0.42857142857142855, 0.25210084033613445, 0.42528735632183906, 0.2962962962962963, 0.2708333333333333, 0.3645833333333333, 0.2922374429223744, 0.3481953290870488, 0.2631578947368421, 0.05555555555555555, 0.35, 0.3, 0.3, 0.09523809523809523, 0.15789473684210525, 0.2777777777777778, 0.42105263157894735, 0.4090909090909091, 0.5111111111111111, 0.44329896907216493, 0.45161290322580644, 0.5470085470085471, 0.21495327102803738, 0.2692307692307692, 0.20754716981132076, 0.25, 0.47115384615384615, 0.4453125, 0.5520833333333334, 0.22058823529411764, 0.3611111111111111, 0.3448275862068966, 0.30927835051546393, 0.3173076923076923, 0.29, 0.38657407407407407, 0.475177304964539, 0.5286506469500925, 0.5199362041467305, 0.34491315136476425, 0.44789356984478934, 0.2677165354330709, 0.5161904761904762, 0.4853273137697517, 0.24282982791587, 0.4137291280148423, 0.3020408163265306, 0.15, 0.375, 0.3333333333333333, 0.2631578947368421, 0.14285714285714285, 0.11764705882352941, 0.23809523809523808, 0.25, 0.3, 0.3853211009174312, 0.54, 0.4157303370786517, 0.29523809523809524, 0.5564516129032258, 0.4953271028037383, 0.4946236559139785, 0.37777777777777777, 0.22916666666666666, 0.32989690721649484, 0.41818181818181815, 0.43103448275862066, 0.42696629213483145, 0.24, 0.36525612472160357, 0.47086614173228347, 0.573469387755102, 0.5218340611353712, 0.19145802650957292, 0.32323232323232326, 0.3121951219512195, 0.5130208333333334, 0.5368098159509203, 0.508637236084453, 0.45977011494252873, 0.218568665377176, 0.45364238410596025, 0.37593984962406013, 0.2733333333333333, 0.35944700460829493, 0.3684210526315789, 0.375, 0.18181818181818182, 0.19047619047619047, 0.21739130434782608, 0.25, 0.21052631578947367, 0.3684210526315789, 0.25, 0.4375, 0.2980769230769231, 0.5238095238095238, 0.4574468085106383, 0.44565217391304346, 0.3707865168539326, 0.46153846153846156, 0.35714285714285715, 0.3402061855670103, 0.27884615384615385, 0.31683168316831684, 0.4774774774774775, 0.5160714285714286, 0.47347740667976423, 0.42016806722689076, 0.25585585585585585, 0.45119705340699817, 0.21492007104795738, 0.38661710037174724, 0.5129533678756477, 0.5199335548172758, 0.41217798594847777, 0.23699421965317918, 0.36363636363636365, 0.1, 0.375, 0.3333333333333333, 0.2857142857142857, 0.4, 0.1875, 0.3, 0.47058823529411764, 0.4857142857142857, 0.43434343434343436, 0.4909090909090909, 0.4090909090909091, 0.2719298245614035, 0.631578947368421, 0.4491525423728814, 0.4235294117647059, 0.3695652173913043, 0.38795180722891565, 0.5779816513761468, 0.4334038054968288, 0.4157782515991471, 0.22772277227722773, 0.46551724137931033, 0.48509933774834435, 0.4856512141280353, 0.332, 0.29782608695652174, 0.058823529411764705, 0.2777777777777778, 0.4782608695652174, 0.15789473684210525, 0.19047619047619047, 0.3333333333333333, 0.3, 0.2222222222222222, 0.22727272727272727, 0.35294117647058826, 0.45454545454545453, 0.2, 0.17647058823529413, 0.2857142857142857, 0.20300751879699247, 0.5533980582524272, 0.49514563106796117, 0.4444444444444444, 0.31683168316831684, 0.25203252032520324, 0.57, 0.44954128440366975, 0.45161290322580644, 0.27522935779816515, 0.2318840579710145, 0.32323232323232326, 0.27956989247311825, 0.2815533980582524, 0.5024077046548957, 0.40271493212669685, 0.4060475161987041, 0.22452830188679246, 0.34518828451882844, 0.38480392156862747, 0.36470588235294116, 0.35412026726057905, 0.2730696798493409, 0.4193011647254576, 0.2732673267326733, 0.21739130434782608, 0.4117647058823529, 0.16666666666666666, 0.0, 0.3157894736842105, 0.08333333333333333, 0.09523809523809523, 0.21052631578947367, 0.42857142857142855, 0.2, 0.35294117647058826, 0.27835051546391754, 0.6039603960396039, 0.6388888888888888, 0.48695652173913045, 0.45, 0.5050505050505051, 0.32727272727272727, 0.25471698113207547, 0.31313131313131315, 0.2916666666666667, 0.3493723849372385, 0.40558292282430214, 0.5580524344569289, 0.47752808988764045, 0.4140127388535032, 0.47808764940239046, 0.39863325740318906, 0.2732673267326733, 0.4505050505050505, 0.5847826086956521, 0.42780748663101603, 0.50853889943074, 0.49074074074074076, 0.32887189292543023, 0.2908745247148289, 0.45, 0.35294117647058826, 0.3333333333333333, 0.15, 0.15, 0.23809523809523808, 0.4444444444444444, 0.22727272727272727, 0.2, 0.4659090909090909, 0.5208333333333334, 0.3625, 0.40186915887850466, 0.5507246376811594, 0.41237113402061853, 0.41228070175438597, 0.3106796116504854, 0.27522935779816515, 0.4205607476635514, 0.4688473520249221, 0.4578125, 0.5573440643863179, 0.4314079422382672, 0.19009370816599733, 0.37813211845102507, 0.24836601307189543, 0.5264270613107822, 0.25357873210633947, 0.15, 0.38095238095238093, 0.3333333333333333, 0.15, 0.45454545454545453, 0.3157894736842105, 0.29411764705882354, 0.3684210526315789, 0.2631578947368421, 0.29411764705882354, 0.4090909090909091, 0.25, 0.2727272727272727, 0.32978723404255317, 0.25663716814159293, 0.5445544554455446, 0.48863636363636365, 0.2358490566037736, 0.23893805309734514, 0.23931623931623933, 0.23300970873786409, 0.3917525773195876, 0.4444444444444444, 0.42857142857142855, 0.4056603773584906, 0.4423076923076923, 0.32673267326732675, 0.34375, 0.2761904761904762, 0.4984848484848485, 0.5376984126984127, 0.38593155893536124, 0.24773960216998192, 0.3413566739606127, 0.24055666003976142, 0.39918533604887985, 0.2779605263157895, 0.256, 0.5011600928074246, 0.2551984877126654, 0.3138401559454191, 0.3150984682713348, 0.4, 0.3684210526315789, 0.25, 0.35294117647058826, 0.3333333333333333, 0.1, 0.2631578947368421, 0.1, 0.06666666666666667, 0.25, 0.2631578947368421, 0.10526315789473684, 0.3595505617977528, 0.4205607476635514, 0.5730337078651685, 0.47126436781609193, 0.32673267326732675, 0.391304347826087, 0.25688073394495414, 0.226890756302521, 0.3157894736842105, 0.32407407407407407, 0.36538461538461536, 0.29, 0.3181818181818182, 0.2912621359223301, 0.46332737030411447, 0.602112676056338, 0.3947858472998138, 0.3621495327102804, 0.23665480427046262, 0.47540983606557374, 0.2962962962962963, 0.4711033274956217, 0.46134020618556704, 0.3391472868217054, 0.34303534303534305, 0.2722117202268431, 0.4833948339483395]
