Total side score = 2395
Average side score = 3.03934010152
Side score breakdown = [4, 3, 1, 1, 2, 1, 4, 4, 1, 4, 2, 3, 3, 3, 2, 3, 3, 3, 4, 4, 2, 2, 4, 3, 4, 4, 2, 4, 4, 2, 4, 2, 3, 3, 3, 4, 4, 4, 4, 4, 3, 3, 2, 4, 3, 4, 3, 3, 4, 2, 4, 3, 3, 4, 1, 1, 2, 2, 2, 4, 2, 2, 3, 1, 2, 3, 4, 4, 2, 2, 2, 3, 4, 4, 4, 4, 3, 2, 4, 2, 2, 4, 4, 2, 2, 3, 4, 4, 4, 4, 4, 3, 4, 4, 4, 2, 2, 4, 3, 3, 3, 4, 4, 3, 2, 2, 3, 4, 4, 4, 1, 3, 1, 3, 3, 2, 2, 2, 3, 3, 2, 3, 1, 3, 4, 2, 3, 4, 3, 2, 3, 4, 2, 3, 4, 3, 4, 2, 1, 2, 3, 3, 4, 4, 4, 4, 4, 3, 4, 3, 4, 4, 3, 4, 4, 4, 2, 3, 3, 2, 3, 1, 2, 2, 1, 3, 1, 2, 2, 2, 3, 1, 4, 4, 2, 2, 1, 4, 3, 4, 4, 3, 3, 3, 4, 3, 4, 4, 4, 4, 1, 2, 4, 4, 4, 4, 3, 4, 4, 4, 4, 4, 4, 4, 4, 2, 4, 3, 3, 4, 3, 2, 2, 3, 2, 3, 4, 1, 4, 3, 4, 2, 4, 2, 1, 2, 2, 2, 2, 1, 3, 4, 4, 4, 4, 4, 4, 4, 4, 3, 4, 3, 3, 3, 4, 2, 2, 3, 3, 2, 4, 4, 4, 4, 4, 3, 4, 2, 2, 2, 2, 2, 2, 4, 4, 2, 3, 1, 3, 2, 4, 2, 2, 3, 1, 3, 4, 2, 2, 1, 3, 2, 2, 1, 4, 4, 2, 4, 4, 4, 4, 4, 3, 2, 4, 4, 3, 4, 3, 3, 3, 4, 4, 2, 4, 4, 2, 4, 3, 2, 4, 4, 4, 4, 3, 3, 4, 3, 4, 2, 2, 4, 4, 4, 2, 3, 3, 2, 3, 4, 1, 3, 2, 3, 2, 2, 2, 4, 2, 2, 2, 1, 4, 4, 2, 2, 2, 4, 1, 3, 2, 4, 4, 4, 3, 4, 4, 3, 2, 4, 3, 3, 3, 2, 4, 4, 4, 3, 4, 4, 4, 3, 3, 3, 3, 4, 4, 4, 4, 4, 3, 4, 2, 4, 4, 1, 4, 2, 3, 3, 4, 4, 1, 1, 2, 3, 3, 3, 2, 3, 1, 4, 2, 2, 1, 3, 2, 2, 3, 4, 4, 4, 3, 4, 3, 4, 3, 4, 3, 3, 3, 2, 2, 4, 4, 3, 3, 4, 4, 3, 4, 3, 4, 4, 3, 4, 4, 1, 2, 4, 1, 4, 2, 3, 2, 2, 2, 3, 4, 3, 4, 3, 1, 2, 4, 3, 3, 3, 3, 3, 3, 3, 4, 4, 4, 2, 4, 4, 3, 4, 2, 3, 3, 4, 4, 4, 4, 4, 3, 4, 4, 4, 3, 4, 4, 2, 4, 4, 4, 2, 3, 4, 4, 2, 3, 1, 4, 2, 2, 3, 3, 4, 1, 2, 3, 2, 3, 2, 2, 2, 2, 3, 4, 2, 2, 2, 3, 4, 4, 3, 2, 3, 4, 4, 3, 4, 4, 3, 1, 4, 2, 4, 3, 2, 4, 3, 4, 4, 3, 3, 2, 3, 4, 4, 4, 4, 4, 2, 2, 3, 3, 1, 2, 4, 4, 2, 2, 4, 4, 4, 2, 4, 4, 1, 4, 3, 3, 2, 4, 3, 4, 2, 3, 4, 3, 3, 2, 2, 4, 4, 4, 4, 3, 4, 1, 4, 3, 4, 4, 4, 4, 3, 4, 4, 4, 3, 3, 2, 3, 4, 4, 4, 4, 4, 1, 3, 3, 2, 4, 4, 3, 3, 2, 2, 2, 4, 4, 4, 1, 4, 4, 2, 2, 2, 3, 3, 4, 1, 2, 4, 1, 4, 4, 4, 4, 2, 4, 3, 4, 4, 4, 2, 2, 4, 3, 4, 4, 4, 3, 4, 4, 4, 4, 3, 3, 3, 4, 4, 4, 2, 4, 1, 3, 2, 4, 3, 3, 2, 3, 2, 1, 3, 2, 2, 3, 2, 2, 3, 3, 3, 3, 3, 2, 3, 4, 1, 3, 1, 2, 4, 3, 3, 3, 3, 4, 4, 3, 4, 4, 3, 4, 4, 1, 3, 1, 4, 4, 4, 3, 3, 3, 2, 4, 4, 3, 2, 4, 4, 2, 3, 3, 2, 4, 4, 4, 1, 2, 2, 4, 2, 4, 1, 2, 4, 3, 1, 4, 2, 3, 2, 2, 2, 2, 4, 4, 2, 3, 4, 4, 4, 3, 3, 3, 3, 4, 3, 3, 4, 2, 2, 4, 4, 1, 3, 3, 1, 3, 4, 4, 4, 4, 4, 3, 4, 4, 3, 4, 4, 4, 3, 4, 4, 2, 3, 4, 3, 3, 1]

Total across score = 1430
Average across score = 3.44578313253
Across score breakdown = [1, 3, 4, 4, 3, 3, 3, 4, 4, 4, 4, 1, 4, 4, 4, 4, 4, 4, 4, 4, 4, 2, 4, 4, 4, 4, 4, 4, 4, 4, 4, 2, 3, 3, 1, 3, 4, 3, 3, 3, 3, 3, 4, 4, 4, 3, 4, 4, 4, 4, 4, 2, 4, 4, 4, 4, 4, 4, 3, 4, 3, 4, 4, 4, 4, 4, 2, 3, 4, 3, 3, 4, 3, 4, 1, 4, 4, 4, 4, 4, 4, 4, 4, 4, 4, 1, 4, 3, 4, 4, 4, 4, 4, 4, 1, 4, 4, 2, 3, 4, 3, 3, 4, 3, 1, 3, 3, 3, 3, 3, 4, 4, 3, 3, 4, 2, 1, 3, 4, 4, 4, 4, 4, 3, 4, 4, 4, 4, 4, 4, 4, 1, 1, 2, 4, 3, 4, 3, 4, 3, 4, 4, 4, 4, 4, 4, 3, 3, 4, 4, 4, 4, 4, 4, 4, 4, 4, 4, 2, 4, 3, 4, 3, 4, 4, 3, 3, 4, 4, 4, 4, 4, 4, 3, 4, 4, 1, 3, 4, 4, 4, 4, 4, 4, 1, 4, 4, 4, 1, 1, 4, 3, 3, 3, 4, 4, 4, 4, 3, 3, 4, 4, 4, 4, 4, 4, 4, 3, 4, 4, 3, 3, 4, 2, 3, 4, 3, 2, 3, 3, 1, 4, 4, 4, 4, 4, 4, 4, 4, 4, 2, 4, 1, 1, 4, 4, 4, 3, 4, 4, 4, 4, 4, 4, 4, 4, 1, 4, 4, 1, 3, 4, 4, 4, 3, 4, 3, 3, 3, 4, 1, 4, 1, 4, 4, 2, 4, 3, 4, 4, 4, 4, 1, 4, 1, 2, 3, 2, 4, 3, 3, 3, 3, 3, 4, 3, 4, 4, 4, 3, 2, 1, 4, 4, 4, 4, 3, 4, 4, 4, 4, 4, 4, 4, 3, 3, 4, 3, 3, 4, 4, 4, 4, 4, 4, 4, 4, 4, 2, 3, 4, 3, 4, 4, 4, 4, 3, 4, 4, 4, 4, 2, 4, 4, 4, 2, 3, 4, 3, 3, 3, 3, 4, 4, 4, 4, 3, 4, 4, 3, 4, 4, 4, 4, 4, 4, 4, 4, 4, 3, 4, 4, 4, 4, 3, 4, 1, 1, 3, 3, 3, 4, 4, 4, 3, 4, 4, 4, 4, 1, 1, 4, 4, 4, 4, 4, 4, 4, 4, 2, 4, 1, 2, 3, 3, 3, 4, 3, 3, 4, 4, 4, 4, 4, 3, 4, 3, 4, 3, 3, 4, 4, 4, 4, 2]

Side score avg percent = 0.305756613268
Across score avg percent = 0.356116035877
Side score percent breakdown = [0.2608695652173913, 0.21739130434782608, 0.19047619047619047, 0.13636363636363635, 0.2, 0.0, 0.35, 0.29411764705882354, 0.15, 0.5, 0.20833333333333334, 0.2857142857142857, 0.2631578947368421, 0.4375, 0.17391304347826086, 0.3125, 0.23809523809523808, 0.2631578947368421, 0.43478260869565216, 0.4444444444444444, 0.21052631578947367, 0.21052631578947367, 0.7547169811320755, 0.36, 0.4827586206896552, 0.36936936936936937, 0.17708333333333334, 0.4326923076923077, 0.33980582524271846, 0.23423423423423423, 0.35714285714285715, 0.21296296296296297, 0.2765957446808511, 0.24242424242424243, 0.24335378323108384, 0.47466216216216217, 0.4296875, 0.46825396825396826, 0.43669724770642204, 0.43711340206185567, 0.3221343873517787, 0.28174603174603174, 0.23309608540925267, 0.3617021276595745, 0.23992673992673993, 0.3576158940397351, 0.313953488372093, 0.2801358234295416, 0.43207126948775054, 0.22, 0.34888059701492535, 0.32741617357001973, 0.22540250447227192, 0.016713091922005572, 0.13043478260869565, 0.14285714285714285, 0.21052631578947367, 0.17391304347826086, 0.16666666666666666, 0.4583333333333333, 0.15789473684210525, 0.19047619047619047, 0.2, 0.047619047619047616, 0.17391304347826086, 0.2222222222222222, 0.44, 0.4, 0.2631578947368421, 0.2, 0.19047619047619047, 0.2231404958677686, 0.4117647058823529, 0.40186915887850466, 0.43434343434343436, 0.35514018691588783, 0.27522935779816515, 0.1553398058252427, 0.3368421052631579, 0.2, 0.19469026548672566, 0.5405405405405406, 0.28888888888888886, 0.22330097087378642, 0.22772277227722773, 0.2721774193548387, 0.4196078431372549, 0.35730337078651686, 0.48952095808383234, 0.49248747913188645, 0.34237995824634654, 0.3145833333333333, 0.3549107142857143, 0.363013698630137, 0.3946869070208729, 0.21946902654867256, 0.16473988439306358, 0.4125230202578269, 0.28937007874015747, 0.22082585278276481, 0.3145833333333333, 0.46206896551724136, 0.48089887640449436, 0.3158995815899582, 0.20925925925925926, 0.24081632653061225, 0.2631578947368421, 0.3684210526315789, 0.38095238095238093, 0.3684210526315789, 0.05555555555555555, 0.35294117647058826, 0.05555555555555555, 0.25, 0.21052631578947367, 0.20833333333333334, 0.2, 0.19047619047619047, 0.25, 0.21052631578947367, 0.18181818181818182, 0.23529411764705882, 0.15789473684210525, 0.2222222222222222, 0.42857142857142855, 0.2727272727272727, 0.2711864406779661, 0.4827586206896552, 0.35294117647058826, 0.226890756302521, 0.37755102040816324, 0.3137254901960784, 0.21153846153846154, 0.26851851851851855, 0.44642857142857145, 0.3404255319148936, 0.5303030303030303, 0.19130434782608696, 0.22549019607843138, 0.2222222222222222, 0.37777777777777777, 0.22905982905982905, 0.5581395348837209, 0.4421052631578947, 0.3908256880733945, 0.4069097888675624, 0.36489151873767256, 0.24564796905222436, 0.3271889400921659, 0.33203125, 0.4924924924924925, 0.35044642857142855, 0.2533783783783784, 0.5334645669291339, 0.4709976798143852, 0.3111954459203036, 0.24302788844621515, 0.3058161350844278, 0.3138075313807531, 0.20833333333333334, 0.2857142857142857, 0.15, 0.2222222222222222, 0.15, 0.15, 0.2631578947368421, 0.10526315789473684, 0.18181818181818182, 0.15789473684210525, 0.17391304347826086, 0.29411764705882354, 0.15789473684210525, 0.36363636363636365, 0.44, 0.23809523809523808, 0.16666666666666666, 0.0, 0.8588235294117647, 0.3113207547169811, 0.4095238095238095, 0.3516483516483517, 0.2336448598130841, 0.2916666666666667, 0.2523364485981308, 0.3723404255319149, 0.3076923076923077, 0.5648148148148148, 0.46825396825396826, 0.36082474226804123, 0.42105263157894735, 0.19, 0.24, 0.39090909090909093, 0.4094076655052265, 0.421259842519685, 0.3216494845360825, 0.27380952380952384, 0.34945054945054943, 0.3424317617866005, 0.3249475890985325, 0.49295774647887325, 0.366120218579235, 0.5466417910447762, 0.2857142857142857, 0.36568457538994803, 0.2009132420091324, 0.29243353783231085, 0.22988505747126436, 0.19734660033167495, 0.028409090909090908, 0.2857142857142857, 0.1111111111111111, 0.19047619047619047, 0.3125, 0.23809523809523808, 0.25, 0.3157894736842105, 0.13043478260869565, 0.3, 0.2, 0.3181818181818182, 0.23809523809523808, 0.4117647058823529, 0.18181818181818182, 0.11764705882352941, 0.1, 0.1875, 0.2222222222222222, 0.2222222222222222, 0.1, 0.21052631578947367, 0.38095238095238093, 0.7586206896551724, 0.3764705882352941, 0.5063291139240507, 0.37755102040816324, 0.35398230088495575, 0.3626373626373626, 0.35185185185185186, 0.2616822429906542, 0.45045045045045046, 0.22321428571428573, 0.25210084033613445, 0.28, 0.34831460674157305, 0.20754716981132076, 0.23076923076923078, 0.3127659574468085, 0.4050880626223092, 0.19072164948453607, 0.36174636174636177, 0.3403755868544601, 0.3076923076923077, 0.3783231083844581, 0.41448692152917505, 0.372, 0.49899396378269617, 0.23353293413173654, 0.22682445759368836, 0.23448275862068965, 0.2646420824295011, 0.21561969439728354, 0.2631578947368421, 0.2909090909090909, 0.02356020942408377, 0.18181818181818182, 0.23529411764705882, 0.2, 0.23809523809523808, 0.18181818181818182, 0.375, 0.25, 0.23529411764705882, 0.23809523809523808, 0.09523809523809523, 0.25, 0.3, 0.25, 0.21739130434782608, 0.09523809523809523, 0.23809523809523808, 0.17647058823529413, 0.15789473684210525, 0.058823529411764705, 0.42105263157894735, 0.3157894736842105, 0.19047619047619047, 0.7551020408163265, 0.46078431372549017, 0.37037037037037035, 0.5470085470085471, 0.45161290322580644, 0.391304347826087, 0.24271844660194175, 0.3269230769230769, 0.29523809523809524, 0.2692307692307692, 0.581081081081081, 0.38095238095238093, 0.25, 0.2761904761904762, 0.4453125, 0.5520833333333334, 0.19230769230769232, 0.3611111111111111, 0.30927835051546393, 0.18487394957983194, 0.3173076923076923, 0.25961538461538464, 0.23613595706618962, 0.475177304964539, 0.41116751269035534, 0.4643423137876387, 0.3948919449901768, 0.3058823529411765, 0.26679841897233203, 0.34491315136476425, 0.35304990757855825, 0.3282608695652174, 0.18652849740932642, 0.2677165354330709, 0.47783251231527096, 0.5161904761904762, 0.4853273137697517, 0.25149700598802394, 0.24282982791587, 0.30962343096234307, 0.23588709677419356, 0.25, 0.3684210526315789, 0.15, 0.22727272727272727, 0.16666666666666666, 0.22727272727272727, 0.21739130434782608, 0.25, 0.13043478260869565, 0.375, 0.25, 0.14285714285714285, 0.2631578947368421, 0.11764705882352941, 0.3, 0.4090909090909091, 0.2, 0.2222222222222222, 0.21052631578947367, 0.4090909090909091, 0.125, 0.25, 0.2, 0.76, 0.4, 0.3853211009174312, 0.2727272727272727, 0.4157303370786517, 0.37755102040816324, 0.34579439252336447, 0.1875, 0.3563218390804598, 0.27184466019417475, 0.2872340425531915, 0.25961538461538464, 0.22916666666666666, 0.41818181818181815, 0.2653061224489796, 0.7193675889328063, 0.261758691206544, 0.38120567375886527, 0.36525612472160357, 0.47086614173228347, 0.3215767634854772, 0.19145802650957292, 0.3235294117647059, 0.3837638376383764, 0.44755244755244755, 0.3069306930693069, 0.3422818791946309, 0.33191489361702126, 0.3653061224489796, 0.3121951219512195, 0.5130208333333334, 0.18090452261306533, 0.508637236084453, 0.45977011494252873, 0.18095238095238095, 0.37593984962406013, 0.2206148282097649, 0.2733333333333333, 0.2537313432835821, 0.4090909090909091, 0.3, 0.15789473684210525, 0.05263157894736842, 0.21052631578947367, 0.3333333333333333, 0.2727272727272727, 0.2777777777777778, 0.21052631578947367, 0.3684210526315789, 0.10526315789473684, 0.3157894736842105, 0.2, 0.21052631578947367, 0.0625, 0.25, 0.15, 0.22727272727272727, 0.2222222222222222, 0.4019607843137255, 0.4380952380952381, 0.3333333333333333, 0.30578512396694213, 0.3804347826086957, 0.23809523809523808, 0.43478260869565216, 0.2782608695652174, 0.3707865168539326, 0.3402061855670103, 0.2897196261682243, 0.27884615384615385, 0.22826086956521738, 0.22021660649819494, 0.4352226720647773, 0.4774774774774775, 0.300187617260788, 0.3009009009009009, 0.47347740667976423, 0.3318077803203661, 0.23694029850746268, 0.6015779092702169, 0.25585585585585585, 0.38661710037174724, 0.5129533678756477, 0.2780569514237856, 0.41217798594847777, 0.3951310861423221, 0.2200392927308448, 0.23699421965317918, 0.27385892116182575, 0.20260223048327136, 0.40070921985815605, 0.23705179282868527, 0.21739130434782608, 0.2, 0.18181818181818182, 0.15, 0.3157894736842105, 0.36363636363636365, 0.19047619047619047, 0.3157894736842105, 0.2, 0.10526315789473684, 0.16666666666666666, 0.3888888888888889, 0.2631578947368421, 0.3333333333333333, 0.2608695652173913, 0.23529411764705882, 0.2857142857142857, 0.2631578947368421, 0.25, 0.7678571428571429, 0.47474747474747475, 0.47058823529411764, 0.27184466019417475, 0.43434343434343436, 0.36036036036036034, 0.3263157894736842, 0.30303030303030304, 0.1896551724137931, 0.19130434782608696, 0.2719298245614035, 0.45454545454545453, 0.4491525423728814, 0.4117647058823529, 0.3577981651376147, 0.30434782608695654, 0.26704545454545453, 0.4649122807017544, 0.5204918032786885, 0.4334038054968288, 0.22772277227722773, 0.6467181467181468, 0.42150170648464164, 0.23716814159292035, 0.44816053511705684, 0.31932773109243695, 0.44813278008298757, 0.21584158415841584, 0.2834331337325349, 0.4935064935064935, 0.4856512141280353, 0.24793388429752067, 0.29782608695652174, 0.058823529411764705, 0.3333333333333333, 0.23809523809523808, 0.22727272727272727, 0.2777777777777778, 0.3157894736842105, 0.3, 0.14285714285714285, 0.15789473684210525, 0.25, 0.15789473684210525, 0.18181818181818182, 0.23809523809523808, 0.19047619047619047, 0.2, 0.18181818181818182, 0.1875, 0.35294117647058826, 0.21052631578947367, 0.21052631578947367, 0.2, 0.2631578947368421, 0.20300751879699247, 0.49514563106796117, 0.2857142857142857, 0.22, 0.43617021276595747, 0.3541666666666667, 0.3020833333333333, 0.25203252032520324, 0.57, 0.3645833333333333, 0.27522935779816515, 0.20754716981132076, 0.32978723404255317, 0.21, 0.27, 0.32323232323232326, 0.2553191489361702, 0.7748344370860927, 0.2018018018018018, 0.32096069868995636, 0.46996996996997, 0.3153846153846154, 0.32335329341317365, 0.21178637200736647, 0.2697495183044316, 0.43830570902394106, 0.3549107142857143, 0.35551330798479086, 0.4966101694915254, 0.38480392156862747, 0.2068345323741007, 0.21478060046189376, 0.2328519855595668, 0.2730696798493409, 0.2315369261477046, 0.23434343434343435, 0.020588235294117647, 0.35, 0.15, 0.16666666666666666, 0.42105263157894735, 0.42857142857142855, 0.36363636363636365, 0.2, 0.35, 0.4090909090909091, 0.08333333333333333, 0.3333333333333333, 0.3888888888888889, 0.21052631578947367, 0.19047619047619047, 0.43478260869565216, 0.21052631578947367, 0.35294117647058826, 0.19047619047619047, 0.2222222222222222, 0.4, 0.2777777777777778, 0.35294117647058826, 0.19047619047619047, 0.2, 0.3490566037735849, 0.48695652173913045, 0.2903225806451613, 0.35353535353535354, 0.2524271844660194, 0.5168539325842697, 0.18, 0.5050505050505051, 0.25471698113207547, 0.3047619047619048, 0.36792452830188677, 0.308411214953271, 0.2980769230769231, 0.231433506044905, 0.5190839694656488, 0.40558292282430214, 0.47752808988764045, 0.3150684931506849, 0.2847826086956522, 0.22574257425742575, 0.2732673267326733, 0.5457364341085271, 0.5847826086956521, 0.5145631067961165, 0.4567699836867863, 0.49074074074074076, 0.22817460317460317, 0.250996015936255, 0.2908745247148289, 0.2147887323943662, 0.308584686774942, 0.391304347826087, 0.2777777777777778, 0.2631578947368421, 0.22727272727272727, 0.2777777777777778, 0.16666666666666666, 0.3333333333333333, 0.38095238095238093, 0.3333333333333333, 0.15, 0.38095238095238093, 0.4090909090909091, 0.22727272727272727, 0.23529411764705882, 0.19047619047619047, 0.2857142857142857, 0.23809523809523808, 0.42105263157894735, 0.1, 0.2, 0.7924528301886793, 0.18803418803418803, 0.4608695652173913, 0.5208333333333334, 0.3625, 0.4878048780487805, 0.20689655172413793, 0.5084745762711864, 0.41935483870967744, 0.40186915887850466, 0.5507246376811594, 0.3917525773195876, 0.21978021978021978, 0.24489795918367346, 0.3118279569892473, 0.27522935779816515, 0.27722772277227725, 0.3333333333333333, 0.8456521739130435, 0.3067484662576687, 0.4688473520249221, 0.4346590909090909, 0.4578125, 0.43487394957983194, 0.2651685393258427, 0.19009370816599733, 0.24836601307189543, 0.3182711198428291, 0.37943262411347517, 0.3162393162393162, 0.317907444668008, 0.4936247723132969, 0.24347826086956523, 0.26519337016574585, 0.23008849557522124, 0.310126582278481, 0.23232323232323232, 0.26239669421487605, 0.23483365949119372, 0.23809523809523808, 0.19047619047619047, 0.15, 0.25, 0.21052631578947367, 0.15, 0.23809523809523808, 0.15, 0.21052631578947367, 0.21739130434782608, 0.29411764705882354, 0.2608695652173913, 0.23529411764705882, 0.2631578947368421, 0.2, 0.29411764705882354, 0.4090909090909091, 0.0, 0.2857142857142857, 0.125, 0.16666666666666666, 0.7659574468085106, 0.32978723404255317, 0.25663716814159293, 0.30303030303030304, 0.23893805309734514, 0.49107142857142855, 0.3805309734513274, 0.23931623931623933, 0.5428571428571428, 0.4056603773584906, 0.2761904761904762, 0.43373493975903615, 0.35, 0.14583333333333334, 0.34375, 0.19801980198019803, 0.7852760736196319, 0.4568421052631579, 0.4984848484848485, 0.3047619047619048, 0.24773960216998192, 0.27111984282907664, 0.2268760907504363, 0.3348314606741573, 0.3368869936034115, 0.2779605263157895, 0.24064171122994651, 0.6255506607929515, 0.5011600928074246, 0.22690763052208834, 0.3138401559454191, 0.278118609406953, 0.2465483234714004, 0.029239766081871343, 0.4, 0.3684210526315789, 0.15, 0.2, 0.25, 0.3333333333333333, 0.2, 0.3, 0.15, 0.19047619047619047, 0.38095238095238093, 0.25, 0.15, 0.47619047619047616, 0.23809523809523808, 0.3333333333333333, 0.125, 0.06666666666666667, 0.18181818181818182, 0.2631578947368421, 0.391304347826087, 0.3, 0.21052631578947367, 0.2818181818181818, 0.4148936170212766, 0.4205607476635514, 0.47126436781609193, 0.24742268041237114, 0.28431372549019607, 0.25688073394495414, 0.226890756302521, 0.5535714285714286, 0.3157894736842105, 0.28688524590163933, 0.32407407407407407, 0.22549019607843138, 0.25742574257425743, 0.29, 0.3137254901960784, 0.12389380530973451, 0.2912621359223301, 0.25252525252525254, 0.15, 0.26454033771106944, 0.40899795501022496, 0.46332737030411447, 0.36210526315789476, 0.376425855513308, 0.3773987206823028, 0.28385899814471244, 0.3621495327102804, 0.4256505576208178, 0.23665480427046262, 0.5104529616724739, 0.33726415094339623, 0.39365671641791045, 0.3156779661016949, 0.4841930116472546, 0.46134020618556704, 0.24904942965779467, 0.2933070866141732, 0.3391472868217054, 0.23694029850746268, 0.2722117202268431, 0.22244488977955912]
Across score percent breakdown = [0.2, 0.25, 0.4444444444444444, 0.2608695652173913, 0.3125, 0.2777777777777778, 0.29245283018867924, 0.4444444444444444, 0.472, 0.3548387096774194, 0.4461538461538462, 0.20754716981132076, 0.36633663366336633, 0.40384615384615385, 0.48214285714285715, 0.5252525252525253, 0.40860215053763443, 0.41975308641975306, 0.38392857142857145, 0.375, 0.7164750957854407, 0.17531305903398928, 0.5511482254697286, 0.3399122807017544, 0.4639175257731959, 0.39539347408829173, 0.5251215559157212, 0.616557734204793, 0.4236111111111111, 0.3542116630669546, 0.3495762711864407, 0.23856858846918488, 0.3888888888888889, 0.23809523809523808, 0.13636363636363635, 0.3684210526315789, 0.3125, 0.3684210526315789, 0.2631578947368421, 0.2631578947368421, 0.2777777777777778, 0.2631578947368421, 0.5283018867924528, 0.40789473684210525, 0.4774774774774775, 0.21904761904761905, 0.44, 0.5447154471544715, 0.41025641025641024, 0.3764705882352941, 0.4603174603174603, 0.21495327102803738, 0.297029702970297, 0.36046511627906974, 0.3333333333333333, 0.3611111111111111, 0.7420494699646644, 0.748868778280543, 0.28185328185328185, 0.535645472061657, 0.24086378737541528, 0.38421052631578945, 0.37030075187969924, 0.35502958579881655, 0.42857142857142855, 0.3157894736842105, 0.19047619047619047, 0.2631578947368421, 0.38095238095238093, 0.35, 0.25, 0.4090909090909091, 0.2727272727272727, 0.35294117647058826, 0.0, 0.7719298245614035, 0.47368421052631576, 0.38461538461538464, 0.45901639344262296, 0.4024390243902439, 0.4473684210526316, 0.5882352941176471, 0.3854166666666667, 0.40186915887850466, 0.3853211009174312, 0.17142857142857143, 0.3269230769230769, 0.28, 0.4477211796246649, 0.2899786780383795, 0.30620985010706636, 0.5952755905511811, 0.5939086294416244, 0.5321285140562249, 0.2350597609561753, 0.337890625, 0.3422459893048128, 0.2979591836734694, 0.2692307692307692, 0.023952095808383235, 0.23809523809523808, 0.3, 0.2777777777777778, 0.2631578947368421, 0.06666666666666667, 0.2857142857142857, 0.3, 0.2857142857142857, 0.3, 0.22950819672131148, 0.4574468085106383, 0.37142857142857144, 0.2692307692307692, 0.27450980392156865, 0.3300970873786408, 0.21212121212121213, 0.20833333333333334, 0.26732673267326734, 0.3674832962138085, 0.3418467583497053, 0.49768875192604006, 0.6997167138810199, 0.38949671772428884, 0.2366412213740458, 0.6358695652173914, 0.4626865671641791, 0.4031620553359684, 0.5254515599343186, 0.43263757115749524, 0.2939914163090129, 0.31844660194174756, 0.21188118811881188, 0.21193415637860083, 0.21052631578947367, 0.3684210526315789, 0.23809523809523808, 0.38095238095238093, 0.2727272727272727, 0.38095238095238093, 0.23214285714285715, 0.45263157894736844, 0.5126050420168067, 0.3669724770642202, 0.3645833333333333, 0.3333333333333333, 0.35294117647058826, 0.2916666666666667, 0.29292929292929293, 0.3979591836734694, 0.36046511627906974, 0.3577981651376147, 0.3707865168539326, 0.3465346534653465, 0.37, 0.42053789731051344, 0.49147286821705427, 0.43383947939262474, 0.3603411513859275, 0.2667910447761194, 0.577639751552795, 0.24596774193548387, 0.6181818181818182, 0.3156862745098039, 0.5051020408163265, 0.359026369168357, 0.28516377649325625, 0.3333333333333333, 0.35294117647058826, 0.2727272727272727, 0.3793103448275862, 0.42105263157894735, 0.4666666666666667, 0.44, 0.22935779816513763, 0.3577981651376147, 0.4838709677419355, 0.1919191919191919, 0.23731884057971014, 0.509090909090909, 0.437636761487965, 0.41391304347826086, 0.5103189493433395, 0.5210084033613446, 0.48047538200339557, 0.21341463414634146, 0.376425855513308, 0.31069958847736623, 0.3163841807909605, 0.05263157894736842, 0.19047619047619047, 0.35, 0.23529411764705882, 0.25, 0.23809523809523808, 0.5, 0.3191489361702128, 0.5263157894736842, 0.3838383838383838, 0.2980769230769231, 0.24761904761904763, 0.3838383838383838, 0.48760330578512395, 0.5280898876404494, 0.40707964601769914, 0.569364161849711, 0.4712041884816754, 0.35714285714285715, 0.25318761384335153, 0.620817843866171, 0.34150943396226413, 0.2406311637080868, 0.3, 0.35294117647058826, 0.2, 0.35294117647058826, 0.3333333333333333, 0.25, 0.14285714285714285, 0.2631578947368421, 0.2727272727272727, 0.10526315789473684, 0.4166666666666667, 0.3684210526315789, 0.36082474226804123, 0.3626373626373626, 0.5222222222222223, 0.3917525773195876, 0.3469387755102041, 0.40816326530612246, 0.4649122807017544, 0.22857142857142856, 0.39603960396039606, 0.20202020202020202, 0.18446601941747573, 0.7877906976744186, 0.34782608695652173, 0.3551020408163265, 0.2471042471042471, 0.44719101123595506, 0.3235955056179775, 0.4741532976827095, 0.31601731601731603, 0.5241730279898219, 0.5174129353233831, 0.3252336448598131, 0.3374233128834356, 0.10526315789473684, 0.45, 0.3333333333333333, 0.17647058823529413, 0.3, 0.3684210526315789, 0.35294117647058826, 0.42105263157894735, 0.23529411764705882, 0.44545454545454544, 0.24761904761904763, 0.28431372549019607, 0.3191489361702128, 0.4019607843137255, 0.1702127659574468, 0.3235294117647059, 0.18867924528301888, 0.2871287128712871, 0.5780445969125214, 0.22410865874363328, 0.3795454545454545, 0.26640926640926643, 0.3496143958868895, 0.37667304015296366, 0.4872665534804754, 0.5590062111801242, 0.21384928716904278, 0.35634328358208955, 0.2066115702479339, 0.2612244897959184, 0.3, 0.2, 0.4090909090909091, 0.2222222222222222, 0.3157894736842105, 0.2631578947368421, 0.2777777777777778, 0.30097087378640774, 0.4444444444444444, 0.2616822429906542, 0.3333333333333333, 0.41836734693877553, 0.38461538461538464, 0.21818181818181817, 0.31521739130434784, 0.18867924528301888, 0.4315068493150685, 0.5371287128712872, 0.3888888888888889, 0.32400932400932403, 0.25963488843813387, 0.34949494949494947, 0.4673202614379085, 0.5357917570498916, 0.3968565815324165, 0.41680672268907565, 0.3726235741444867, 0.29791271347248577, 0.23529411764705882, 0.19047619047619047, 0.42857142857142855, 0.2857142857142857, 0.2608695652173913, 0.43157894736842106, 0.42857142857142855, 0.42857142857142855, 0.3805309734513274, 0.3695652173913043, 0.3523809523809524, 0.3157894736842105, 0.4117647058823529, 0.4727272727272727, 0.2727272727272727, 0.2621359223300971, 0.30434782608695654, 0.23423423423423423, 0.3770491803278688, 0.475, 0.3369330453563715, 0.3975, 0.27655310621242485, 0.41702127659574467, 0.429126213592233, 0.5264054514480409, 0.44026548672566373, 0.24346076458752516, 0.3364485981308411, 0.33112582781456956, 0.38095238095238093, 0.16666666666666666, 0.2777777777777778, 0.2608695652173913, 0.2222222222222222, 0.3, 0.2, 0.25, 0.4368932038834951, 0.3707865168539326, 0.37037037037037035, 0.39, 0.31958762886597936, 0.34285714285714286, 0.3669724770642202, 0.2916666666666667, 0.42016806722689076, 0.546875, 0.4166666666666667, 0.36936936936936937, 0.38095238095238093, 0.28, 0.3422680412371134, 0.7378917378917379, 0.3782696177062374, 0.2428842504743833, 0.5647058823529412, 0.4358974358974359, 0.3818770226537217, 0.3333333333333333, 0.3494736842105263, 0.35294117647058826, 0.10526315789473684, 0.15789473684210525, 0.25, 0.25, 0.35294117647058826, 0.35, 0.3300970873786408, 0.3626373626373626, 0.28431372549019607, 0.41509433962264153, 0.5365853658536586, 0.5930232558139535, 0.36666666666666664, 0.1941747572815534, 0.20952380952380953, 0.37389380530973454, 0.45504587155963305, 0.4015444015444015, 0.5777126099706745, 0.4722222222222222, 0.5838509316770186, 0.3602251407129456, 0.3474747474747475, 0.19047619047619047, 0.35, 0.18181818181818182, 0.2, 0.3333333333333333, 0.3333333333333333, 0.2857142857142857, 0.2857142857142857, 0.3333333333333333, 0.19047619047619047, 0.44660194174757284, 0.4056603773584906, 0.36363636363636365, 0.35714285714285715, 0.38738738738738737, 0.3106796116504854, 0.5588235294117647, 0.25742574257425743, 0.41453831041257366, 0.3465783664459161, 0.2510204081632653, 0.3488372093023256, 0.46476510067114096, 0.5513078470824949, 0.35040983606557374, 0.27429805615550756]
