Total side score = 2681
Average side score = 3.45935483871
Side score breakdown = [3, 1, 4, 2, 3, 4, 1, 3, 4, 4, 3, 1, 4, 4, 2, 4, 4, 4, 4, 4, 4, 4, 4, 2, 4, 4, 4, 4, 4, 4, 4, 4, 4, 1, 4, 4, 4, 4, 4, 4, 4, 4, 4, 4, 4, 4, 4, 4, 3, 4, 2, 4, 3, 4, 4, 4, 4, 4, 2, 4, 3, 2, 2, 4, 4, 2, 2, 3, 2, 3, 3, 4, 3, 2, 4, 4, 4, 4, 4, 1, 2, 4, 4, 4, 4, 4, 4, 4, 4, 4, 4, 1, 4, 4, 4, 4, 4, 4, 4, 4, 4, 4, 4, 4, 4, 4, 2, 4, 4, 4, 4, 4, 1, 4, 4, 4, 1, 4, 4, 4, 4, 1, 4, 4, 2, 3, 2, 2, 3, 3, 2, 2, 1, 1, 4, 4, 2, 4, 4, 4, 4, 4, 4, 4, 4, 4, 4, 2, 4, 1, 4, 4, 4, 4, 4, 4, 4, 4, 4, 4, 4, 4, 4, 4, 4, 4, 2, 4, 4, 4, 4, 4, 4, 3, 4, 3, 4, 4, 4, 2, 4, 3, 3, 3, 2, 2, 2, 2, 2, 2, 1, 3, 4, 4, 4, 4, 4, 4, 4, 4, 4, 4, 4, 4, 4, 4, 4, 3, 1, 4, 4, 4, 4, 4, 4, 4, 4, 4, 4, 4, 4, 4, 4, 4, 4, 4, 4, 4, 4, 2, 4, 4, 1, 4, 4, 2, 2, 3, 2, 4, 1, 2, 3, 4, 4, 1, 3, 2, 4, 4, 2, 1, 4, 4, 4, 4, 4, 4, 4, 4, 4, 4, 4, 3, 4, 4, 4, 2, 4, 3, 1, 4, 4, 4, 4, 2, 4, 4, 4, 4, 4, 4, 2, 4, 4, 4, 4, 4, 3, 3, 3, 2, 4, 2, 2, 4, 4, 2, 3, 4, 4, 4, 4, 4, 4, 4, 4, 4, 3, 4, 4, 4, 4, 4, 4, 4, 4, 4, 4, 1, 4, 3, 4, 4, 4, 4, 4, 4, 4, 4, 4, 4, 4, 4, 4, 4, 4, 4, 4, 4, 2, 4, 3, 2, 4, 4, 4, 2, 4, 4, 3, 3, 2, 1, 4, 4, 4, 4, 4, 4, 4, 4, 4, 4, 4, 4, 4, 3, 3, 2, 3, 3, 4, 4, 4, 4, 4, 4, 4, 4, 4, 4, 4, 4, 4, 4, 4, 2, 4, 4, 4, 4, 4, 4, 4, 4, 4, 3, 3, 4, 3, 2, 4, 4, 2, 3, 2, 3, 3, 4, 4, 4, 4, 4, 4, 4, 4, 4, 4, 2, 4, 1, 4, 2, 3, 2, 2, 4, 4, 4, 4, 4, 4, 4, 4, 4, 4, 4, 4, 2, 4, 4, 4, 4, 2, 3, 2, 4, 1, 1, 4, 4, 3, 3, 3, 3, 4, 4, 4, 4, 2, 4, 2, 4, 4, 4, 3, 4, 4, 4, 4, 4, 4, 4, 4, 2, 1, 4, 4, 2, 4, 4, 4, 4, 4, 4, 4, 4, 2, 4, 4, 4, 2, 4, 4, 1, 1, 2, 2, 2, 4, 3, 2, 2, 4, 3, 2, 2, 4, 4, 4, 4, 4, 4, 4, 2, 4, 4, 4, 4, 4, 4, 4, 4, 1, 4, 2, 2, 3, 2, 3, 4, 4, 4, 4, 4, 4, 2, 4, 4, 4, 4, 2, 4, 4, 4, 4, 4, 4, 2, 3, 1, 3, 1, 4, 2, 2, 3, 4, 2, 2, 4, 4, 4, 4, 4, 4, 4, 4, 4, 4, 4, 4, 3, 2, 4, 4, 4, 2, 4, 4, 4, 4, 4, 4, 4, 4, 4, 4, 4, 4, 4, 4, 4, 4, 4, 4, 4, 4, 4, 4, 4, 4, 4, 2, 3, 2, 4, 4, 4, 2, 2, 3, 3, 4, 1, 3, 2, 3, 3, 4, 3, 2, 4, 4, 4, 4, 4, 4, 4, 4, 4, 4, 4, 4, 4, 4, 4, 1, 4, 4, 4, 4, 4, 4, 4, 4, 4, 4, 4, 4, 4, 4, 4, 4, 4, 4, 4, 4, 4, 3, 1, 2, 4, 2, 4, 2, 4, 3, 3, 2, 3, 4, 3, 4, 4, 3, 2, 3, 4, 4, 4, 4, 4, 1, 4, 2, 2, 1, 1, 1, 4, 4, 4, 4, 4, 4, 4, 4, 4, 4, 4, 4, 4, 3, 2, 4, 4, 3, 2, 4, 4, 4, 4, 2, 4, 4, 4, 4, 2, 2, 4, 2, 2, 4, 1, 3, 3, 3, 2, 3, 1, 3, 3, 4, 4, 4, 4, 4, 3, 4, 4, 4, 4, 3, 4, 4, 3, 2, 4, 4, 4, 4, 4, 4, 4, 4, 4, 4, 4, 4, 4, 4, 4, 4, 4, 4, 4, 4, 4, 4, 2, 4, 1, 4]

Total across score = 923
Average across score = 3.05629139073
Across score breakdown = [1, 1, 4, 4, 4, 1, 3, 4, 3, 3, 1, 3, 3, 3, 1, 3, 4, 2, 3, 3, 1, 3, 3, 4, 3, 4, 3, 4, 3, 1, 1, 3, 3, 3, 1, 1, 4, 1, 4, 2, 3, 4, 3, 3, 4, 2, 1, 4, 3, 4, 4, 4, 1, 3, 3, 1, 4, 2, 1, 4, 2, 4, 3, 3, 3, 3, 4, 4, 4, 1, 4, 3, 4, 3, 3, 3, 3, 3, 4, 2, 2, 2, 4, 3, 4, 3, 4, 4, 1, 3, 3, 3, 4, 4, 4, 3, 4, 4, 2, 4, 2, 4, 3, 3, 3, 4, 1, 3, 3, 3, 3, 3, 3, 3, 3, 4, 4, 3, 4, 4, 4, 3, 3, 1, 3, 4, 4, 4, 4, 3, 2, 4, 4, 2, 3, 3, 3, 4, 4, 3, 1, 3, 3, 3, 4, 4, 3, 2, 1, 2, 4, 2, 4, 1, 2, 3, 3, 1, 4, 3, 4, 3, 4, 3, 1, 4, 3, 3, 4, 3, 3, 3, 4, 4, 3, 1, 4, 2, 1, 4, 4, 3, 3, 3, 4, 3, 3, 1, 4, 4, 4, 4, 4, 4, 4, 4, 3, 1, 4, 4, 2, 3, 4, 3, 3, 3, 3, 3, 4, 4, 4, 3, 3, 3, 4, 3, 4, 4, 3, 1, 4, 4, 3, 1, 1, 4, 3, 3, 3, 4, 1, 3, 3, 3, 3, 3, 3, 4, 4, 4, 4, 4, 3, 4, 3, 4, 3, 4, 1, 4, 4, 4, 4, 3, 4, 4, 4, 2, 4, 4, 2, 4, 3, 3, 1, 4, 3, 3, 1, 1, 4, 3, 3, 4, 4, 3, 4, 3, 4, 3, 3, 3, 4, 4, 3, 1, 2, 4, 2, 2, 3, 4, 3, 3, 3, 3, 3, 3, 3, 3, 3, 3]

Side score avg percent = 0.383224114823
Across score avg percent = 0.326525720044
Side score percent breakdown = [0.2222222222222222, 0.19047619047619047, 0.42857142857142855, 0.2, 0.3, 0.4, 0.2, 0.35, 0.4, 0.2608695652173913, 0.4375, 0.10526315789473684, 0.5, 0.3157894736842105, 0.16666666666666666, 0.5714285714285714, 0.5309734513274337, 0.35, 0.472, 0.4827586206896552, 0.5094339622641509, 0.5154639175257731, 0.5131578947368421, 0.17708333333333334, 0.4326923076923077, 0.5242718446601942, 0.41975308641975306, 0.494949494949495, 0.36633663366336633, 0.4, 0.40860215053763443, 0.35714285714285715, 0.41975308641975306, 0.18691588785046728, 0.5, 0.5634782608695652, 0.44779582366589327, 0.43669724770642204, 0.43711340206185567, 0.4484732824427481, 0.5217391304347826, 0.4524590163934426, 0.45390070921985815, 0.47974413646055436, 0.48214285714285715, 0.5511482254697286, 0.4568764568764569, 0.4639175257731959, 0.1925925925925926, 0.43207126948775054, 0.22, 0.3495762711864407, 0.32741617357001973, 0.38524590163934425, 0.4674329501915709, 0.39849624060150374, 0.016713091922005572, 0.2857142857142857, 0.16666666666666666, 0.3888888888888889, 0.3157894736842105, 0.2, 0.19047619047619047, 0.35294117647058826, 0.3888888888888889, 0.2631578947368421, 0.17391304347826086, 0.2222222222222222, 0.21052631578947367, 0.2777777777777778, 0.2631578947368421, 0.48, 0.2631578947368421, 0.19047619047619047, 0.45263157894736844, 0.40186915887850466, 0.4774774774774775, 0.43434343434343436, 0.46226415094339623, 0.13861386138613863, 0.1553398058252427, 0.45652173913043476, 0.3894736842105263, 0.4074074074074074, 0.3368421052631579, 0.48598130841121495, 0.46, 0.41025641025641024, 0.3764705882352941, 0.4603174603174603, 0.3125, 0.18181818181818182, 0.391304347826087, 0.3611111111111111, 0.7420494699646644, 0.44982698961937717, 0.559040590405904, 0.6182965299684543, 0.49248747913188645, 0.45796064400715564, 0.7382352941176471, 0.45869565217391306, 0.4115586690017513, 0.748868778280543, 0.6296296296296297, 0.493801652892562, 0.22784810126582278, 0.4125230202578269, 0.4388646288209607, 0.535645472061657, 0.3893653516295026, 0.5334476843910806, 0.17764471057884232, 0.48089887640449436, 0.41914893617021276, 0.4368029739776952, 0.21428571428571427, 0.37030075187969924, 0.39112050739957716, 0.42201834862385323, 0.41308089500860584, 0.1819620253164557, 0.34496919917864477, 0.3684210526315789, 0.23809523809523808, 0.3, 0.19047619047619047, 0.2, 0.21052631578947367, 0.35, 0.21052631578947367, 0.2, 0.0, 0.058823529411764705, 0.47107438016528924, 0.5111111111111111, 0.2727272727272727, 0.4827586206896552, 0.47058823529411764, 0.5056179775280899, 0.4811320754716981, 0.504424778761062, 0.4024390243902439, 0.39814814814814814, 0.44642857142857145, 0.4954954954954955, 0.5754716981132075, 0.2222222222222222, 0.40186915887850466, 0.22549019607843138, 0.3793103448275862, 0.45132743362831856, 0.3269230769230769, 0.4609375, 0.5741935483870968, 0.4069097888675624, 0.48771929824561405, 0.6182795698924731, 0.5187165775401069, 0.4924924924924925, 0.6556016597510373, 0.43676222596964587, 0.5952755905511811, 0.5939086294416244, 0.38969072164948454, 0.5658263305322129, 0.18122977346278318, 0.4709976798143852, 0.5358851674641149, 0.3111954459203036, 0.4161616161616162, 0.36853448275862066, 0.42829827915869984, 0.2692307692307692, 0.023952095808383235, 0.2857142857142857, 0.3333333333333333, 0.35294117647058826, 0.3888888888888889, 0.2, 0.38095238095238093, 0.21739130434782608, 0.3157894736842105, 0.2857142857142857, 0.17391304347826086, 0.16666666666666666, 0.21052631578947367, 0.2631578947368421, 0.2222222222222222, 0.2, 0.0, 0.2777777777777778, 0.5803571428571429, 0.6326530612244898, 0.37142857142857144, 0.4095238095238095, 0.46788990825688076, 0.45535714285714285, 0.4318181818181818, 0.4954954954954955, 0.4396551724137931, 0.5, 0.3723404255319149, 0.3300970873786408, 0.46825396825396826, 0.35294117647058826, 0.43, 0.31683168316831684, 0.20833333333333334, 0.32967032967032966, 0.5842217484008528, 0.5370370370370371, 0.34182590233545646, 0.4094076655052265, 0.421259842519685, 0.497029702970297, 0.47578947368421054, 0.5923423423423423, 0.6997167138810199, 0.4288461538461538, 0.4936014625228519, 0.47509578544061304, 0.6358695652173914, 0.4626865671641791, 0.40441176470588236, 0.366120218579235, 0.43263757115749524, 0.6210826210826211, 0.4982142857142857, 0.2009132420091324, 0.31844660194174756, 0.46938775510204084, 0.21188118811881188, 0.3263157894736842, 0.028409090909090908, 0.2222222222222222, 0.21052631578947367, 0.2857142857142857, 0.17391304347826086, 0.3157894736842105, 0.09523809523809523, 0.16666666666666666, 0.23809523809523808, 0.21739130434782608, 0.4117647058823529, 0.13043478260869565, 0.21052631578947367, 0.2222222222222222, 0.38095238095238093, 0.38095238095238093, 0.15789473684210525, 0.1694915254237288, 0.3764705882352941, 0.3669724770642202, 0.5063291139240507, 0.37755102040816324, 0.39, 0.49137931034482757, 0.5555555555555556, 0.42857142857142855, 0.45045045045045046, 0.41509433962264153, 0.3979591836734694, 0.2636363636363636, 0.42528735632183906, 0.36046511627906974, 0.3577981651376147, 0.22448979591836735, 0.36538461538461536, 0.2708333333333333, 0.19801980198019803, 0.49904397705544934, 0.404553415061296, 0.4816955684007707, 0.5327102803738317, 0.2667910447761194, 0.4947994056463596, 0.577639751552795, 0.4915572232645403, 0.5, 0.6181818181818182, 0.7083333333333334, 0.34048257372654156, 0.3807615230460922, 0.2772808586762075, 0.42482100238663484, 0.3210445468509985, 0.3668763102725367, 0.2631578947368421, 0.23529411764705882, 0.25, 0.25, 0.4444444444444444, 0.18181818181818182, 0.15384615384615385, 0.42105263157894735, 0.3, 0.21739130434782608, 0.2222222222222222, 0.4090909090909091, 0.3157894736842105, 0.3157894736842105, 0.7551020408163265, 0.5111111111111111, 0.44329896907216493, 0.42105263157894735, 0.5470085470085471, 0.45161290322580644, 0.21495327102803738, 0.5154639175257731, 0.4666666666666667, 0.44, 0.581081081081081, 0.3577981651376147, 0.4090909090909091, 0.47115384615384615, 0.4453125, 0.5520833333333334, 0.3448275862068966, 0.1262135922330097, 0.30927835051546393, 0.27722772277227725, 0.39603960396039606, 0.30927835051546393, 0.5286506469500925, 0.3948919449901768, 0.5199362041467305, 0.8012618296529969, 0.5, 0.43914473684210525, 0.4912621359223301, 0.4486607142857143, 0.6123778501628665, 0.509090909090909, 0.437636761487965, 0.47783251231527096, 0.48047538200339557, 0.4853273137697517, 0.4155339805825243, 0.36807095343680707, 0.25149700598802394, 0.31069958847736623, 0.2631578947368421, 0.16666666666666666, 0.35, 0.3, 0.375, 0.2631578947368421, 0.4, 0.4090909090909091, 0.2222222222222222, 0.23809523809523808, 0.3, 0.1111111111111111, 0.5, 0.54, 0.4157303370786517, 0.6962025316455697, 0.46511627906976744, 0.5263157894736842, 0.5564516129032258, 0.4421052631578947, 0.42276422764227645, 0.4953271028037383, 0.4946236559139785, 0.40707964601769914, 0.38461538461538464, 0.2857142857142857, 0.37777777777777777, 0.22916666666666666, 0.3111111111111111, 0.2571428571428571, 0.43103448275862066, 0.2653061224489796, 0.7193675889328063, 0.573469387755102, 0.5218340611353712, 0.569364161849711, 0.4712041884816754, 0.5745721271393643, 0.5276292335115864, 0.445916114790287, 0.42802303262955854, 0.620817843866171, 0.4756637168141593, 0.37957610789980734, 0.5368098159509203, 0.18090452261306533, 0.508637236084453, 0.45977011494252873, 0.40418118466898956, 0.37593984962406013, 0.39243027888446214, 0.4090909090909091, 0.33980582524271846, 0.35, 0.3684210526315789, 0.25, 0.3, 0.44, 0.3684210526315789, 0.19047619047619047, 0.35294117647058826, 0.3333333333333333, 0.21052631578947367, 0.2631578947368421, 0.19047619047619047, 0.2727272727272727, 0.16666666666666666, 0.4857142857142857, 0.5238095238095238, 0.4380952380952381, 0.5222222222222223, 0.43157894736842106, 0.4, 0.37894736842105264, 0.3917525773195876, 0.47368421052631576, 0.44565217391304346, 0.22115384615384615, 0.46153846153846156, 0.20202020202020202, 0.35714285714285715, 0.23157894736842105, 0.31683168316831684, 0.22826086956521738, 0.24242424242424243, 0.7877906976744186, 0.5160714285714286, 0.47347740667976423, 0.4948665297741273, 0.6015779092702169, 0.45119705340699817, 0.4741532976827095, 0.6550522648083623, 0.5241730279898219, 0.4150197628458498, 0.5199335548172758, 0.6227544910179641, 0.23699421965317918, 0.35546875, 0.35173824130879344, 0.422680412371134, 0.40070921985815605, 0.21052631578947367, 0.23809523809523808, 0.18181818181818182, 0.42105263157894735, 0.14285714285714285, 0.1, 0.45, 0.5, 0.2, 0.2631578947368421, 0.25, 0.2608695652173913, 0.4, 0.35294117647058826, 0.42105263157894735, 0.38095238095238093, 0.18181818181818182, 0.4857142857142857, 0.27184466019417475, 0.43434343434343436, 0.42574257425742573, 0.4909090909090909, 0.27450980392156865, 0.46956521739130436, 0.40384615384615385, 0.41304347826086957, 0.631578947368421, 0.4019607843137255, 0.45454545454545453, 0.4491525423728814, 0.4235294117647059, 0.23529411764705882, 0.18867924528301888, 0.5806451612903226, 0.5779816513761468, 0.22410865874363328, 0.4334038054968288, 0.3915211970074813, 0.6762402088772846, 0.43052837573385516, 0.47368421052631576, 0.5386313465783664, 0.47, 0.48509933774834435, 0.21584158415841584, 0.4856512141280353, 0.41325536062378165, 0.49471830985915494, 0.24793388429752067, 0.3669064748201439, 0.42978003384094754, 0.2066115702479339, 0.19047619047619047, 0.15789473684210525, 0.23809523809523808, 0.2, 0.4090909090909091, 0.2222222222222222, 0.15789473684210525, 0.19047619047619047, 0.3, 0.2631578947368421, 0.23809523809523808, 0.14285714285714285, 0.35294117647058826, 0.4090909090909091, 0.35294117647058826, 0.5533980582524272, 0.49514563106796117, 0.4536082474226804, 0.4444444444444444, 0.2616822429906542, 0.41836734693877553, 0.40816326530612246, 0.4351851851851852, 0.4, 0.425, 0.44954128440366975, 0.45161290322580644, 0.3645833333333333, 0.17272727272727273, 0.4375, 0.21, 0.24242424242424243, 0.27956989247311825, 0.2553191489361702, 0.2828282828282828, 0.7748344370860927, 0.48, 0.5610619469026549, 0.5024077046548957, 0.5371287128712872, 0.43830570902394106, 0.22179732313575526, 0.3968565815324165, 0.4966101694915254, 0.38480392156862747, 0.4656964656964657, 0.21478060046189376, 0.29791271347248577, 0.39337474120082816, 0.3078556263269639, 0.020588235294117647, 0.4117647058823529, 0.42857142857142855, 0.15, 0.22727272727272727, 0.0, 0.3333333333333333, 0.09523809523809523, 0.42857142857142855, 0.17647058823529413, 0.15, 0.2608695652173913, 0.38095238095238093, 0.19047619047619047, 0.19047619047619047, 0.6039603960396039, 0.6388888888888888, 0.48695652173913045, 0.4946236559139785, 0.4444444444444444, 0.3684210526315789, 0.35353535353535354, 0.42857142857142855, 0.5185185185185185, 0.45, 0.5168539325842697, 0.44036697247706424, 0.32727272727272727, 0.2727272727272727, 0.3047619047619048, 0.37623762376237624, 0.308411214953271, 0.21782178217821782, 0.5176470588235295, 0.5580524344569289, 0.7100456621004566, 0.475, 0.47752808988764045, 0.5101626016260162, 0.49284253578732107, 0.47808764940239046, 0.5098335854765507, 0.45737704918032784, 0.5257510729613734, 0.4505050505050505, 0.5457364341085271, 0.39314516129032256, 0.41702127659574467, 0.42780748663101603, 0.50853889943074, 0.44026548672566373, 0.5145631067961165, 0.49074074074074076, 0.38626609442060084, 0.33112582781456956, 0.32887189292543023, 0.3987341772151899, 0.45, 0.22727272727272727, 0.3, 0.21052631578947367, 0.3333333333333333, 0.38095238095238093, 0.45, 0.19047619047619047, 0.21052631578947367, 0.2631578947368421, 0.19047619047619047, 0.2608695652173913, 0.15, 0.3157894736842105, 0.22727272727272727, 0.18181818181818182, 0.4, 0.47058823529411764, 0.22727272727272727, 0.2, 0.4659090909090909, 0.39, 0.4608695652173913, 0.5208333333333334, 0.3625, 0.4489795918367347, 0.4065934065934066, 0.47058823529411764, 0.5084745762711864, 0.42016806722689076, 0.41237113402061853, 0.4166666666666667, 0.4418604651162791, 0.37373737373737376, 0.41228070175438597, 0.21568627450980393, 0.4205607476635514, 0.3333333333333333, 0.5128205128205128, 0.5573440643863179, 0.43487394957983194, 0.4314079422382672, 0.7225130890052356, 0.5765595463137996, 0.6885714285714286, 0.7378917378917379, 0.5010660980810234, 0.5462328767123288, 0.5264270613107822, 0.5647058823529412, 0.5598455598455598, 0.44936708860759494, 0.5295169946332737, 0.37100213219616207, 0.27079646017699116, 0.30434782608695654, 0.38095238095238093, 0.2222222222222222, 0.10526315789473684, 0.25, 0.3333333333333333, 0.15, 0.42105263157894735, 0.2, 0.3684210526315789, 0.2608695652173913, 0.2, 0.2222222222222222, 0.35294117647058826, 0.4090909090909091, 0.25, 0.5445544554455446, 0.48863636363636365, 0.3069306930693069, 0.2358490566037736, 0.23893805309734514, 0.5050505050505051, 0.423728813559322, 0.5428571428571428, 0.4444444444444444, 0.42857142857142855, 0.15454545454545454, 0.36666666666666664, 0.24528301886792453, 0.22641509433962265, 0.20192307692307693, 0.1262135922330097, 0.20952380952380953, 0.33707865168539325, 0.7852760736196319, 0.5376984126984127, 0.39264990328820115, 0.45504587155963305, 0.38593155893536124, 0.6529562982005142, 0.5656028368794326, 0.655011655011655, 0.5379746835443038, 0.44223107569721115, 0.5777126099706745, 0.4722222222222222, 0.256, 0.24064171122994651, 0.6255506607929515, 0.5011600928074246, 0.26476190476190475, 0.22690763052208834, 0.3474747474747475, 0.3862745098039216, 0.418426103646833, 0.45579567779960706, 0.24096385542168675, 0.029239766081871343, 0.5, 0.35294117647058826, 0.3333333333333333, 0.19047619047619047, 0.0, 0.3684210526315789, 0.2, 0.2631578947368421, 0.47619047619047616, 0.1, 0.2857142857142857, 0.3333333333333333, 0.3333333333333333, 0.16666666666666666, 0.25, 0.10526315789473684, 0.3333333333333333, 0.25, 0.5206611570247934, 0.5730337078651685, 0.4056603773584906, 0.47126436781609193, 0.3958333333333333, 0.33962264150943394, 0.391304347826087, 0.35714285714285715, 0.4, 0.48717948717948717, 0.226890756302521, 0.4672131147540984, 0.3508771929824561, 0.2549019607843137, 0.21052631578947367, 0.7428571428571429, 0.4831858407079646, 0.602112676056338, 0.36210526315789476, 0.376425855513308, 0.3789868667917448, 0.7507002801120448, 0.4158249158249158, 0.44163424124513617, 0.4935064935064935, 0.47540983606557374, 0.5104529616724739, 0.5038363171355499, 0.39365671641791045, 0.39520958083832336, 0.4711033274956217, 0.46134020618556704, 0.5318066157760815, 0.386892177589852, 0.4141914191419142, 0.3391472868217054, 0.37636761487964987, 0.2575452716297787, 0.4833948339483395, 0.20948616600790515, 0.3467741935483871]
Across score percent breakdown = [0.13636363636363635, 0.15, 0.5789473684210527, 0.4, 0.4375, 0.09523809523809523, 0.2631578947368421, 0.7547169811320755, 0.3592233009708738, 0.34545454545454546, 0.17475728155339806, 0.26262626262626265, 0.3469387755102041, 0.24242424242424243, 0.18, 0.2801358234295416, 0.5368956743002544, 0.2732793522267207, 0.22540250447227192, 0.3333333333333333, 0.13043478260869565, 0.2727272727272727, 0.2727272727272727, 0.44, 0.3684210526315789, 0.5126050420168067, 0.26732673267326734, 0.45045045045045046, 0.27450980392156865, 0.19, 0.05555555555555555, 0.25, 0.22727272727272727, 0.25, 0.16666666666666666, 0.058823529411764705, 0.3888888888888889, 0.15789473684210525, 0.5294117647058824, 0.2, 0.2711864406779661, 0.49473684210526314, 0.3153153153153153, 0.37755102040816324, 0.2545454545454545, 0.20952380952380953, 0.19, 0.4089935760171306, 0.33203125, 0.42543859649122806, 0.45475113122171945, 0.4, 0.15, 0.22727272727272727, 0.2631578947368421, 0.10526315789473684, 0.44, 0.15789473684210525, 0.13636363636363635, 0.36363636363636365, 0.16666666666666666, 0.8588235294117647, 0.2807017543859649, 0.2916666666666667, 0.3238095238095238, 0.25833333333333336, 0.44565217391304346, 0.4957983193277311, 0.35, 0.19, 0.2828282828282828, 0.26732673267326734, 0.47869674185463656, 0.3432203389830508, 0.25, 0.3333333333333333, 0.22727272727272727, 0.25, 0.4117647058823529, 0.23809523809523808, 0.18181818181818182, 0.2, 0.5, 0.34065934065934067, 0.3925233644859813, 0.4148936170212766, 0.3626373626373626, 0.411214953271028, 0.1415929203539823, 0.25510204081632654, 0.4050880626223092, 0.34930139720558884, 0.5605214152700186, 0.39072847682119205, 0.6024096385542169, 0.372, 0.49899396378269617, 0.5220729366602687, 0.23448275862068965, 0.518595041322314, 0.2631578947368421, 0.02356020942408377, 0.3, 0.23809523809523808, 0.2631578947368421, 0.35294117647058826, 0.13043478260869565, 0.3157894736842105, 0.3333333333333333, 0.3302752293577982, 0.3055555555555556, 0.2761904761904762, 0.2828282828282828, 0.2761904761904762, 0.25961538461538464, 0.5168776371308017, 0.37573385518590996, 0.35304990757855825, 0.40040241448692154, 0.43775933609958506, 0.43926788685524126, 0.29535864978902954, 0.30962343096234307, 0.1, 0.22727272727272727, 0.3333333333333333, 0.3157894736842105, 0.35, 0.3, 0.22727272727272727, 0.21052631578947367, 0.4117647058823529, 0.35, 0.2, 0.2727272727272727, 0.34579439252336447, 0.4186046511627907, 0.35185185185185186, 0.3563218390804598, 0.2872340425531915, 0.16822429906542055, 0.41422594142259417, 0.3235294117647059, 0.3837638376383764, 0.44755244755244755, 0.3693181818181818, 0.2537313432835821, 0.2, 0.05263157894736842, 0.22727272727272727, 0.4117647058823529, 0.2, 0.45454545454545453, 0.2, 0.15, 0.265625, 0.4666666666666667, 0.125, 0.4778761061946903, 0.30578512396694213, 0.43478260869565216, 0.23684210526315788, 0.47368421052631576, 0.2782608695652174, 0.2018348623853211, 0.44901960784313727, 0.300187617260788, 0.3009009009009009, 0.443859649122807, 0.23694029850746268, 0.27259036144578314, 0.2780569514237856, 0.3951310861423221, 0.42105263157894735, 0.22727272727272727, 0.09523809523809523, 0.3333333333333333, 0.18181818181818182, 0.058823529411764705, 0.7678571428571429, 0.576271186440678, 0.30275229357798167, 0.3263157894736842, 0.32142857142857145, 0.5420560747663551, 0.24786324786324787, 0.23076923076923078, 0.21568627450980393, 0.3622222222222222, 0.42546063651591287, 0.6467181467181468, 0.44816053511705684, 0.44813278008298757, 0.4072790294627383, 0.21739130434782608, 0.3333333333333333, 0.22727272727272727, 0.13333333333333333, 0.3, 0.45454545454545453, 0.1875, 0.18181818181818182, 0.42105263157894735, 0.1875, 0.5, 0.30434782608695654, 0.33980582524271846, 0.43617021276595747, 0.3541666666666667, 0.39805825242718446, 0.39316239316239315, 0.30656934306569344, 0.3682373472949389, 0.2697495183044316, 0.4785553047404063, 0.3313953488372093, 0.4388349514563107, 0.35551330798479086, 0.3291814946619217, 0.2315369261477046, 0.42105263157894735, 0.42857142857142855, 0.3157894736842105, 0.15, 0.05263157894736842, 0.43478260869565216, 0.21052631578947367, 0.25, 0.336734693877551, 0.3490566037735849, 0.17307692307692307, 0.2621359223300971, 0.38461538461538464, 0.25, 0.23478260869565218, 0.332657200811359, 0.2777777777777778, 0.3333333333333333, 0.42857142857142855, 0.42105263157894735, 0.375, 0.5824175824175825, 0.256, 0.4878048780487805, 0.35051546391752575, 0.4406779661016949, 0.375, 0.4339622641509434, 0.1206896551724138, 0.3917525773195876, 0.34782608695652173, 0.27722772277227725, 0.4215328467153285, 0.3187855787476281, 0.7829268292682927, 0.46, 0.5853174603174603, 0.317907444668008, 0.4936247723132969, 0.4942084942084942, 0.23008849557522124, 0.5529157667386609, 0.26239669421487605, 0.23809523809523808, 0.13636363636363635, 0.3684210526315789, 0.25, 0.25, 0.10526315789473684, 0.125, 0.7659574468085106, 0.3218390804597701, 0.37362637362637363, 0.49107142857142855, 0.5, 0.358695652173913, 0.41025641025641024, 0.26881720430107525, 0.47593582887700536, 0.3241106719367589, 0.27111984282907664, 0.29747899159663865, 0.4201388888888889, 0.39862542955326463, 0.278118609406953, 0.15, 0.2, 0.3888888888888889, 0.2631578947368421, 0.21052631578947367, 0.3838383838383838, 0.5535714285714286, 0.2818181818181818, 0.4019607843137255, 0.28688524590163933, 0.28, 0.26, 0.3263157894736842, 0.25252525252525254, 0.3083941605839416, 0.3156779661016949, 0.2933070866141732]
