Total side score = 1973
Average side score = 2.98487140696
Side score breakdown = [1, 4, 3, 1, 2, 3, 3, 1, 3, 3, 1, 1, 2, 3, 2, 2, 4, 4, 2, 4, 4, 4, 4, 4, 4, 1, 1, 3, 3, 3, 1, 4, 2, 4, 3, 3, 4, 2, 4, 4, 2, 4, 2, 4, 1, 2, 1, 2, 3, 3, 3, 3, 3, 3, 2, 3, 2, 4, 4, 4, 1, 4, 1, 3, 4, 3, 4, 2, 3, 4, 4, 2, 2, 4, 3, 4, 1, 3, 4, 4, 3, 4, 4, 2, 2, 1, 3, 4, 3, 3, 3, 3, 2, 2, 2, 3, 2, 3, 3, 3, 2, 4, 3, 1, 4, 3, 4, 3, 3, 2, 4, 2, 4, 2, 3, 1, 3, 1, 2, 4, 3, 4, 4, 2, 3, 1, 4, 4, 4, 4, 4, 4, 3, 2, 2, 4, 4, 2, 3, 3, 2, 3, 3, 1, 3, 3, 3, 1, 4, 4, 1, 3, 3, 4, 3, 4, 3, 4, 4, 4, 3, 3, 4, 3, 3, 3, 4, 4, 4, 4, 1, 2, 2, 3, 4, 2, 4, 4, 3, 4, 4, 2, 2, 4, 4, 4, 2, 1, 4, 2, 3, 2, 3, 2, 3, 2, 3, 4, 2, 3, 2, 2, 3, 4, 4, 4, 4, 4, 4, 2, 3, 3, 3, 4, 1, 4, 2, 4, 3, 2, 4, 4, 4, 4, 2, 4, 4, 4, 4, 2, 3, 4, 4, 3, 2, 1, 3, 4, 4, 1, 3, 3, 1, 2, 2, 3, 4, 3, 3, 4, 4, 3, 4, 4, 2, 3, 4, 3, 2, 4, 3, 4, 3, 3, 1, 4, 2, 4, 3, 3, 4, 4, 2, 4, 4, 1, 2, 4, 4, 4, 3, 2, 4, 3, 1, 2, 1, 2, 1, 4, 2, 3, 4, 3, 3, 3, 3, 3, 2, 3, 1, 1, 3, 4, 4, 4, 4, 4, 4, 1, 3, 4, 3, 3, 3, 3, 2, 3, 2, 4, 3, 3, 4, 4, 2, 4, 4, 3, 4, 4, 2, 4, 3, 3, 4, 4, 2, 2, 2, 3, 3, 3, 4, 3, 2, 1, 3, 3, 2, 2, 4, 4, 4, 4, 4, 3, 1, 3, 2, 2, 4, 4, 4, 2, 2, 4, 2, 4, 4, 2, 2, 2, 3, 4, 4, 4, 4, 2, 4, 2, 1, 2, 2, 4, 2, 3, 4, 1, 2, 4, 1, 3, 3, 3, 3, 3, 4, 2, 4, 3, 2, 4, 4, 3, 2, 3, 4, 2, 3, 3, 2, 3, 3, 2, 1, 3, 3, 3, 3, 4, 4, 2, 4, 4, 4, 4, 2, 3, 4, 2, 3, 4, 4, 2, 3, 2, 4, 3, 2, 3, 3, 3, 3, 2, 4, 3, 3, 3, 4, 3, 4, 2, 4, 2, 2, 4, 4, 3, 4, 2, 4, 4, 4, 3, 2, 4, 3, 3, 4, 4, 2, 2, 3, 4, 4, 3, 2, 4, 4, 3, 3, 1, 2, 3, 3, 2, 2, 3, 2, 3, 4, 2, 2, 4, 4, 4, 4, 4, 2, 3, 3, 2, 3, 3, 3, 3, 4, 4, 3, 2, 3, 2, 4, 4, 4, 4, 4, 4, 4, 4, 3, 2, 3, 1, 4, 3, 3, 3, 3, 2, 2, 1, 3, 4, 4, 4, 1, 3, 4, 2, 4, 3, 3, 2, 2, 4, 4, 4, 2, 4, 4, 4, 3, 4, 3, 4, 4, 4, 4, 4, 2, 4, 4, 3, 2, 2, 3, 2, 1, 3, 2, 2, 3, 3, 3, 3, 3, 1, 3, 2, 3, 4, 3, 2, 2, 2, 4, 3, 4, 2, 2, 2, 2, 3, 4, 2, 4, 4, 3, 4, 3, 2, 3, 4, 4, 3, 2, 4, 4, 4, 3, 2, 2, 4, 2, 4, 2, 4, 3, 2, 2, 3, 3, 3, 3, 4, 3, 4, 4, 4, 2, 3, 3, 3, 2, 4, 3, 3, 3, 4, 4, 2, 1, 4, 3, 4, 4, 3, 3, 4, 1, 3, 4, 1, 2, 4, 3, 4, 4, 2, 1]

Total across score = 751
Average across score = 2.92217898833
Across score breakdown = [1, 4, 3, 2, 3, 2, 4, 2, 4, 4, 4, 4, 3, 4, 4, 1, 4, 2, 1, 4, 4, 4, 3, 4, 2, 3, 2, 1, 4, 4, 3, 4, 2, 2, 2, 2, 2, 2, 4, 4, 3, 1, 4, 4, 1, 1, 1, 2, 3, 2, 4, 2, 1, 4, 4, 4, 1, 4, 4, 4, 1, 4, 3, 2, 2, 2, 2, 2, 3, 4, 4, 4, 4, 4, 4, 2, 3, 2, 2, 2, 1, 2, 2, 4, 4, 4, 3, 3, 4, 4, 2, 4, 4, 4, 2, 2, 4, 4, 4, 4, 4, 2, 3, 4, 1, 2, 3, 2, 2, 4, 4, 2, 3, 1, 4, 2, 4, 4, 2, 4, 1, 4, 2, 2, 4, 4, 4, 4, 4, 4, 4, 4, 3, 4, 4, 1, 3, 3, 3, 2, 2, 4, 4, 4, 4, 4, 4, 1, 4, 3, 2, 1, 3, 4, 2, 4, 3, 3, 4, 3, 4, 4, 1, 4, 4, 4, 4, 2, 2, 1, 3, 3, 2, 2, 2, 3, 4, 1, 4, 4, 2, 4, 4, 4, 2, 1, 3, 1, 2, 4, 4, 4, 4, 4, 4, 3, 4, 2, 4, 4, 1, 4, 2, 4, 2, 2, 2, 3, 3, 4, 4, 4, 4, 2, 4, 3, 4, 4, 1, 3, 4, 4, 4, 2, 4, 1, 1, 2, 2, 1, 2, 4, 3, 4, 1, 4, 1, 4, 2, 1, 2, 2, 1, 1, 1, 4, 2, 4, 2, 2, 4, 2, 1, 1, 4, 4, 4]

Side score avg percent = 0.296228541311
Across score avg percent = 0.302185688936
Side score percent breakdown = [0.19047619047619047, 0.29411764705882354, 0.22727272727272727, 0.15, 0.21052631578947367, 0.35, 0.3125, 0.14285714285714285, 0.2777777777777778, 0.23809523809523808, 0.10526315789473684, 0.09523809523809523, 0.15789473684210525, 0.35, 0.21052631578947367, 0.2, 0.5833333333333334, 0.3548387096774194, 0.2033898305084746, 0.5094339622641509, 0.5154639175257731, 0.26666666666666666, 0.2786885245901639, 0.4567901234567901, 0.38392857142857145, 0.18691588785046728, 0.17475728155339806, 0.23076923076923078, 0.3, 0.26804123711340205, 0.18, 0.7164750957854407, 0.2960199004975124, 0.41102756892230574, 0.3221343873517787, 0.28174603174603174, 0.5217391304347826, 0.17531305903398928, 0.4524590163934426, 0.3399122807017544, 0.2732793522267207, 0.31417624521072796, 0.23856858846918488, 0.39849624060150374, 0.058823529411764705, 0.23809523809523808, 0.14285714285714285, 0.17391304347826086, 0.2727272727272727, 0.2, 0.2222222222222222, 0.3684210526315789, 0.2631578947368421, 0.3684210526315789, 0.14285714285714285, 0.2631578947368421, 0.168141592920354, 0.44086021505376344, 0.38144329896907214, 0.35514018691588783, 0.19491525423728814, 0.46226415094339623, 0.13861386138613863, 0.26732673267326734, 0.3548387096774194, 0.4, 0.37373737373737376, 0.21495327102803738, 0.37373737373737376, 0.3125, 0.297029702970297, 0.22772277227722773, 0.2192622950819672, 0.34237995824634654, 0.3145833333333333, 0.45869565217391306, 0.1847457627118644, 0.28937007874015747, 0.4388646288209607, 0.535645472061657, 0.3158995815899582, 0.4368029739776952, 0.4358974358974359, 0.24366471734892786, 0.24081632653061225, 0.19047619047619047, 0.2857142857142857, 0.42857142857142855, 0.3, 0.25, 0.22727272727272727, 0.25, 0.058823529411764705, 0.23809523809523808, 0.19047619047619047, 0.21052631578947367, 0.11764705882352941, 0.3, 0.25, 0.25, 0.19047619047619047, 0.4090909090909091, 0.35, 0.058823529411764705, 0.7719298245614035, 0.30097087378640774, 0.47058823529411764, 0.3153153153153153, 0.37755102040816324, 0.22018348623853212, 0.39814814814814814, 0.19130434782608696, 0.2545454545454545, 0.2, 0.27722772277227725, 0.15841584158415842, 0.28, 0.19, 0.23529411764705882, 0.36489151873767256, 0.24564796905222436, 0.5187165775401069, 0.34265734265734266, 0.20961538461538462, 0.2741020793950851, 0.2350597609561753, 0.337890625, 0.4262295081967213, 0.5358851674641149, 0.4172661870503597, 0.3422459893048128, 0.27689243027888444, 0.3138075313807531, 0.23732251521298176, 0.25, 0.3684210526315789, 0.4090909090909091, 0.2222222222222222, 0.22727272727272727, 0.25, 0.15, 0.25, 0.2, 0.2, 0.35294117647058826, 0.29411764705882354, 0.3, 0.13636363636363635, 0.36363636363636365, 0.44, 0.14285714285714285, 0.3157894736842105, 0.19672131147540983, 0.5757575757575758, 0.2571428571428571, 0.3516483516483517, 0.20610687022900764, 0.45535714285714285, 0.4318181818181818, 0.4954954954954955, 0.2916666666666667, 0.29523809523809524, 0.32954545454545453, 0.27450980392156865, 0.25833333333333336, 0.3137254901960784, 0.2809917355371901, 0.42105263157894735, 0.35294117647058826, 0.35, 0.19, 0.24, 0.22115384615384615, 0.26732673267326734, 0.32967032967032966, 0.23091603053435114, 0.48936170212765956, 0.3216494845360825, 0.27380952380952384, 0.47578947368421054, 0.35208711433756806, 0.20593692022263452, 0.2514177693761815, 0.47869674185463656, 0.4626865671641791, 0.36568457538994803, 0.22960151802656548, 0.21193415637860083, 0.3684210526315789, 0.23809523809523808, 0.2857142857142857, 0.17391304347826086, 0.25, 0.15, 0.2222222222222222, 0.25, 0.2, 0.4117647058823529, 0.2222222222222222, 0.21052631578947367, 0.2, 0.09523809523809523, 0.2777777777777778, 0.38095238095238093, 0.7586206896551724, 0.3870967741935484, 0.35398230088495575, 0.3645833333333333, 0.35185185185185186, 0.21929824561403508, 0.25252525252525254, 0.29292929292929293, 0.26605504587155965, 0.3465346534653465, 0.1415929203539823, 0.3394495412844037, 0.22448979591836735, 0.32075471698113206, 0.25510204081632654, 0.2174757281553398, 0.37748344370860926, 0.3603411513859275, 0.5327102803738317, 0.577639751552795, 0.23616236162361623, 0.5051020408163265, 0.3137931034482759, 0.359026369168357, 0.5220729366602687, 0.23448275862068965, 0.2860125260960334, 0.27052238805970147, 0.02356020942408377, 0.23809523809523808, 0.18181818181818182, 0.16666666666666666, 0.2631578947368421, 0.42105263157894735, 0.42857142857142855, 0.09523809523809523, 0.2631578947368421, 0.23809523809523808, 0.13043478260869565, 0.17391304347826086, 0.15789473684210525, 0.2719298245614035, 0.5888888888888889, 0.391304347826087, 0.21495327102803738, 0.47368421052631576, 0.5154639175257731, 0.3333333333333333, 0.4666666666666667, 0.32989690721649484, 0.23529411764705882, 0.3055555555555556, 0.3577981651376147, 0.22058823529411764, 0.19230769230769232, 0.3611111111111111, 0.2828282828282828, 0.34408602150537637, 0.32653061224489793, 0.29, 0.1919191919191919, 0.30927835051546393, 0.19405940594059407, 0.3899782135076253, 0.3058823529411765, 0.26679841897233203, 0.5, 0.43914473684210525, 0.22282608695652173, 0.40040241448692154, 0.437636761487965, 0.21341463414634146, 0.24048096192384769, 0.4155339805825243, 0.36807095343680707, 0.3917995444191344, 0.3020408163265306, 0.23588709677419356, 0.38549618320610685, 0.22727272727272727, 0.09523809523809523, 0.21739130434782608, 0.05263157894736842, 0.25, 0.13043478260869565, 0.3, 0.13043478260869565, 0.2777777777777778, 0.3157894736842105, 0.23529411764705882, 0.25, 0.22727272727272727, 0.2222222222222222, 0.23809523809523808, 0.21052631578947367, 0.2, 0.15, 0.1111111111111111, 0.2543859649122807, 0.3191489361702128, 0.3235294117647059, 0.46511627906976744, 0.5263157894736842, 0.40860215053763443, 0.35714285714285715, 0.125, 0.24761904761904763, 0.42276422764227645, 0.27102803738317754, 0.25961538461538464, 0.2872340425531915, 0.2857142857142857, 0.24, 0.2727272727272727, 0.19842829076620824, 0.3976470588235294, 0.3215767634854772, 0.19145802650957292, 0.5276292335115864, 0.44755244755244755, 0.22762645914396887, 0.3200883002207506, 0.3653061224489796, 0.22416812609457093, 0.34150943396226413, 0.40418118466898956, 0.218568665377176, 0.45364238410596025, 0.2406311637080868, 0.3, 0.4090909090909091, 0.375, 0.22727272727272727, 0.2, 0.1, 0.23809523809523808, 0.21739130434782608, 0.35294117647058826, 0.4117647058823529, 0.3157894736842105, 0.14285714285714285, 0.0625, 0.2631578947368421, 0.2631578947368421, 0.13636363636363635, 0.13043478260869565, 0.4166666666666667, 0.422680412371134, 0.36082474226804123, 0.3333333333333333, 0.3626373626373626, 0.4666666666666667, 0.125, 0.30578512396694213, 0.175, 0.26, 0.3469387755102041, 0.43478260869565216, 0.29464285714285715, 0.22857142857142856, 0.23809523809523808, 0.39603960396039606, 0.22115384615384615, 0.35714285714285715, 0.35185185185185186, 0.22857142857142856, 0.22549019607843138, 0.24242424242424243, 0.43454038997214484, 0.3479212253829322, 0.3551020408163265, 0.4948665297741273, 0.3111954459203036, 0.21492007104795738, 0.31601731601731603, 0.2255772646536412, 0.1669316375198728, 0.2714285714285714, 0.23705179282868527, 0.33880903490759756, 0.15, 0.3157894736842105, 0.36363636363636365, 0.1, 0.21739130434782608, 0.38095238095238093, 0.09523809523809523, 0.3333333333333333, 0.2608695652173913, 0.23529411764705882, 0.2857142857142857, 0.2608695652173913, 0.35294117647058826, 0.21052631578947367, 0.3, 0.25, 0.24324324324324326, 0.45918367346938777, 0.4105263157894737, 0.24761904761904763, 0.22522522522522523, 0.30275229357798167, 0.4909090909090909, 0.21367521367521367, 0.3191489361702128, 0.29523809523809524, 0.16666666666666666, 0.24786324786324787, 0.26, 0.23529411764705882, 0.21568627450980393, 0.2538593481989708, 0.29136690647482016, 0.26640926640926643, 0.22772277227722773, 0.42546063651591287, 0.31932773109243695, 0.236084452975048, 0.35634328358208955, 0.42105263157894735, 0.3258655804480652, 0.3192771084337349, 0.2612244897959184, 0.2465483234714004, 0.32661290322580644, 0.22727272727272727, 0.22727272727272727, 0.3, 0.4090909090909091, 0.23809523809523808, 0.21052631578947367, 0.3, 0.3125, 0.2222222222222222, 0.18181818181818182, 0.22727272727272727, 0.1875, 0.3, 0.2777777777777778, 0.25510204081632654, 0.4583333333333333, 0.3137254901960784, 0.2857142857142857, 0.2616822429906542, 0.4536082474226804, 0.33980582524271846, 0.4444444444444444, 0.2616822429906542, 0.35514018691588783, 0.20930232558139536, 0.21929824561403508, 0.4, 0.425, 0.2318840579710145, 0.39805825242718446, 0.16, 0.39316239316239315, 0.31313131313131315, 0.3490566037735849, 0.2815533980582524, 0.23076923076923078, 0.42830882352941174, 0.3153846153846154, 0.32335329341317365, 0.3972055888223553, 0.36470588235294116, 0.23232323232323232, 0.2068345323741007, 0.35684647302904565, 0.4608695652173913, 0.2832980972515856, 0.2732673267326733, 0.23434343434343435, 0.3157894736842105, 0.36363636363636365, 0.19047619047619047, 0.3157894736842105, 0.0, 0.2, 0.22727272727272727, 0.2857142857142857, 0.15789473684210525, 0.2, 0.2857142857142857, 0.15, 0.2608695652173913, 0.35, 0.23809523809523808, 0.21052631578947367, 0.45918367346938777, 0.46153846153846156, 0.3695652173913043, 0.4946236559139785, 0.4444444444444444, 0.2222222222222222, 0.2621359223300971, 0.2621359223300971, 0.21782178217821782, 0.25, 0.2916666666666667, 0.3150684931506849, 0.2847826086956522, 0.49284253578732107, 0.5098335854765507, 0.36511156186612576, 0.24763705103969755, 0.27655310621242485, 0.24346076458752516, 0.3364485981308411, 0.38626609442060084, 0.4394184168012924, 0.32887189292543023, 0.281947261663286, 0.29411764705882354, 0.3821138211382114, 0.35294117647058826, 0.21052631578947367, 0.16666666666666666, 0.3, 0.05555555555555555, 0.38095238095238093, 0.19047619047619047, 0.2222222222222222, 0.2857142857142857, 0.23809523809523808, 0.14285714285714285, 0.22727272727272727, 0.16666666666666666, 0.25, 0.7924528301886793, 0.47, 0.34285714285714286, 0.1487603305785124, 0.256, 0.4878048780487805, 0.20535714285714285, 0.4215686274509804, 0.2916666666666667, 0.375, 0.21978021978021978, 0.24489795918367346, 0.38095238095238093, 0.28, 0.27835051546391754, 0.19021739130434784, 0.5146520146520146, 0.4128686327077748, 0.3422680412371134, 0.19009370816599733, 0.5765595463137996, 0.25357873210633947, 0.3182711198428291, 0.3818770226537217, 0.489010989010989, 0.3333333333333333, 0.4942084942084942, 0.23008849557522124, 0.2923387096774194, 0.26268115942028986, 0.2222222222222222, 0.21052631578947367, 0.19047619047619047, 0.25, 0.25, 0.125, 0.2631578947368421, 0.21052631578947367, 0.22727272727272727, 0.25, 0.29411764705882354, 0.2, 0.25, 0.35294117647058826, 0.05, 0.2727272727272727, 0.2631578947368421, 0.3218390804597701, 0.39361702127659576, 0.29292929292929293, 0.2358490566037736, 0.2358490566037736, 0.23300970873786409, 0.37777777777777777, 0.28431372549019607, 0.4423076923076923, 0.20212765957446807, 0.24528301886792453, 0.22641509433962265, 0.23, 0.2761904761904762, 0.33707865168539325, 0.21638655462184875, 0.38589981447124305, 0.3782051282051282, 0.24773960216998192, 0.5656028368794326, 0.3241106719367589, 0.22659176029962547, 0.24055666003976142, 0.3368869936034115, 0.4722222222222222, 0.2551984877126654, 0.22033898305084745, 0.4201388888888889, 0.39862542955326463, 0.3046875, 0.3150984682713348, 0.2465483234714004, 0.25, 0.35, 0.2, 0.3, 0.0, 0.3888888888888889, 0.2857142857142857, 0.23809523809523808, 0.2631578947368421, 0.21052631578947367, 0.19047619047619047, 0.25, 0.32673267326732675, 0.36363636363636365, 0.24742268041237114, 0.3958333333333333, 0.391304347826087, 0.3238095238095238, 0.23853211009174313, 0.3106796116504854, 0.2818181818181818, 0.36538461538461536, 0.25742574257425743, 0.29, 0.28, 0.25961538461538464, 0.25742574257425743, 0.3486238532110092, 0.3883495145631068, 0.24468085106382978, 0.15, 0.7428571428571429, 0.3465783664459161, 0.3947858472998138, 0.3793103448275862, 0.28385899814471244, 0.3083941605839416, 0.4158249158249158, 0.21178637200736647, 0.2962962962962963, 0.3860640301318267, 0.2215568862275449, 0.24904942965779467, 0.386892177589852, 0.2933070866141732, 0.3133971291866029, 0.35376532399299476, 0.27429805615550756, 0.22244488977955912]
Across score percent breakdown = [0.0, 0.35, 0.3, 0.16666666666666666, 0.18181818181818182, 0.17391304347826086, 0.3157894736842105, 0.16666666666666666, 0.49107142857142855, 0.36936936936936937, 0.5131578947368421, 0.4326923076923077, 0.29245283018867924, 0.4, 0.496, 0.1702127659574468, 0.3425925925925926, 0.23309608540925267, 0.1684027777777778, 0.36792452830188677, 0.46096654275092935, 0.4726890756302521, 0.22346368715083798, 0.4470588235294118, 0.22, 0.3157894736842105, 0.21052631578947367, 0.14285714285714285, 0.4583333333333333, 0.3333333333333333, 0.2631578947368421, 0.3333333333333333, 0.19047619047619047, 0.21052631578947367, 0.17391304347826086, 0.19047619047619047, 0.19047619047619047, 0.2, 0.43243243243243246, 0.28888888888888886, 0.22935779816513763, 0.18181818181818182, 0.363013698630137, 0.4326750448833034, 0.2152917505030181, 0.21428571428571427, 0.05555555555555555, 0.18181818181818182, 0.23529411764705882, 0.19047619047619047, 0.4485981308411215, 0.226890756302521, 0.16964285714285715, 0.44642857142857145, 0.42696629213483145, 0.45614035087719296, 0.22549019607843138, 0.4778156996587031, 0.43005181347150256, 0.5607476635514018, 0.23293172690763053, 0.2729083665338645, 0.3157894736842105, 0.17391304347826086, 0.18181818181818182, 0.16666666666666666, 0.21052631578947367, 0.24210526315789474, 0.25225225225225223, 0.437847866419295, 0.44964028776978415, 0.49287169042769857, 0.2857142857142857, 0.4982142857142857, 0.4361525704809287, 0.2009132420091324, 0.2857142857142857, 0.21052631578947367, 0.16666666666666666, 0.1, 0.13043478260869565, 0.2222222222222222, 0.15789473684210525, 0.4583333333333333, 0.46296296296296297, 0.4742268041237113, 0.28, 0.23008849557522124, 0.38317757009345793, 0.4120982986767486, 0.19072164948453607, 0.4947994056463596, 0.36152219873150104, 0.48878205128205127, 0.23353293413173654, 0.22682445759368836, 0.3807615230460922, 0.2772808586762075, 0.4100418410041841, 0.2909090909090909, 0.3668763102725367, 0.21052631578947367, 0.25, 0.375, 0.09523809523809523, 0.17647058823529413, 0.2222222222222222, 0.14285714285714285, 0.19047619047619047, 0.3157894736842105, 0.7551020408163265, 0.24271844660194175, 0.26, 0.1262135922330097, 0.4238921001926782, 0.21946564885496184, 0.3788187372708758, 0.4631217838765009, 0.25149700598802394, 0.45048543689320386, 0.047619047619047616, 0.47058823529411764, 0.2, 0.2, 0.76, 0.46226415094339623, 0.40229885057471265, 0.37755102040816324, 0.3939393939393939, 0.39603960396039606, 0.35714285714285715, 0.38461538461538464, 0.2616822429906542, 0.44525547445255476, 0.4191829484902309, 0.18095238095238095, 0.3333333333333333, 0.3, 0.2727272727272727, 0.19047619047619047, 0.22727272727272727, 0.30927835051546393, 0.4166666666666667, 0.4642857142857143, 0.3403805496828753, 0.46395563770794823, 0.5431192660550459, 0.2200392927308448, 0.4656616415410385, 0.2471042471042471, 0.18181818181818182, 0.14285714285714285, 0.19047619047619047, 0.3157894736842105, 0.19047619047619047, 0.3333333333333333, 0.25, 0.25, 0.37755102040816324, 0.26605504587155965, 0.4117647058823529, 0.3577981651376147, 0.20818505338078291, 0.37401574803149606, 0.44324324324324327, 0.41325536062378165, 0.49471830985915494, 0.24793388429752067, 0.21052631578947367, 0.14285714285714285, 0.3157894736842105, 0.25, 0.19047619047619047, 0.2, 0.14285714285714285, 0.2631578947368421, 0.3020833333333333, 0.20754716981132076, 0.32978723404255317, 0.4343220338983051, 0.21178637200736647, 0.43830570902394106, 0.3436807095343681, 0.40152963671128106, 0.21478060046189376, 0.20075757575757575, 0.2222222222222222, 0.15, 0.2, 0.3684210526315789, 0.31868131868131866, 0.42452830188679247, 0.4811320754716981, 0.37623762376237624, 0.3047619047619048, 0.27722772277227725, 0.2980769230769231, 0.21782178217821782, 0.38996138996138996, 0.4652014652014652, 0.22817460317460317, 0.4251497005988024, 0.22727272727272727, 0.3333333333333333, 0.16666666666666666, 0.17391304347826086, 0.19047619047619047, 0.18181818181818182, 0.2803738317757009, 0.4065934065934066, 0.4, 0.375, 0.37373737373737376, 0.26804123711340205, 0.8456521739130435, 0.2504970178926441, 0.45132743362831856, 0.43594009983361065, 0.24347826086956523, 0.26519337016574585, 0.44936708860759494, 0.5295169946332737, 0.3298097251585624, 0.23483365949119372, 0.30434782608695654, 0.15, 0.14285714285714285, 0.2, 0.2222222222222222, 0.15, 0.16666666666666666, 0.46534653465346537, 0.2761904761904762, 0.43373493975903615, 0.1592920353982301, 0.35, 0.19801980198019803, 0.3696969696969697, 0.22690763052208834, 0.208, 0.24096385542168675, 0.19047619047619047, 0.15, 0.13636363636363635, 0.15, 0.47619047619047616, 0.23809523809523808, 0.2608695652173913, 0.125, 0.18181818181818182, 0.391304347826087, 0.25, 0.13513513513513514, 0.14728682170542637, 0.4672131147540984, 0.3508771929824561, 0.4280155642023346]
