Total side score = 2589
Average side score = 3.08214285714
Side score breakdown = [3, 2, 4, 4, 1, 2, 2, 4, 4, 4, 3, 4, 3, 4, 2, 4, 3, 2, 2, 4, 4, 4, 1, 4, 4, 4, 4, 3, 3, 3, 3, 2, 4, 3, 3, 3, 3, 3, 4, 1, 3, 4, 4, 4, 4, 4, 4, 4, 4, 1, 4, 4, 3, 4, 1, 3, 4, 4, 3, 2, 4, 1, 2, 3, 4, 2, 4, 3, 4, 1, 4, 2, 2, 2, 4, 3, 3, 2, 4, 2, 2, 4, 3, 3, 3, 2, 4, 4, 4, 4, 4, 2, 4, 2, 4, 4, 4, 4, 4, 3, 4, 3, 4, 3, 1, 4, 3, 4, 2, 4, 4, 4, 3, 3, 3, 4, 3, 3, 2, 4, 4, 4, 4, 4, 4, 2, 3, 2, 1, 1, 2, 2, 2, 4, 3, 2, 1, 2, 3, 4, 3, 3, 4, 2, 3, 4, 4, 3, 1, 1, 3, 4, 2, 4, 4, 4, 4, 3, 1, 2, 4, 4, 4, 4, 4, 2, 3, 4, 3, 2, 2, 4, 3, 4, 4, 3, 4, 4, 3, 2, 4, 1, 4, 4, 2, 3, 4, 3, 1, 1, 2, 3, 2, 3, 2, 4, 3, 3, 4, 3, 3, 3, 3, 3, 4, 3, 2, 4, 3, 3, 3, 3, 2, 4, 4, 3, 3, 1, 2, 4, 3, 2, 4, 3, 4, 3, 4, 4, 4, 4, 2, 4, 4, 2, 4, 3, 3, 4, 1, 4, 1, 4, 4, 1, 4, 4, 4, 1, 4, 2, 3, 2, 3, 2, 4, 3, 1, 3, 4, 2, 3, 2, 4, 4, 3, 4, 3, 3, 4, 4, 4, 3, 2, 3, 3, 4, 3, 4, 2, 4, 3, 3, 4, 4, 4, 2, 3, 4, 4, 3, 4, 3, 4, 4, 4, 3, 4, 4, 3, 4, 2, 4, 4, 4, 3, 4, 3, 2, 4, 2, 4, 2, 1, 4, 4, 4, 4, 3, 4, 4, 2, 2, 4, 4, 3, 3, 4, 2, 1, 3, 3, 3, 4, 3, 3, 4, 3, 4, 3, 3, 1, 4, 3, 4, 4, 4, 3, 4, 4, 4, 4, 2, 2, 4, 4, 3, 3, 4, 4, 3, 4, 3, 4, 4, 2, 1, 2, 2, 4, 2, 4, 4, 3, 2, 4, 3, 4, 2, 4, 2, 2, 3, 3, 3, 4, 3, 4, 3, 3, 4, 4, 3, 2, 3, 4, 4, 4, 4, 3, 3, 2, 4, 3, 4, 4, 3, 4, 4, 3, 2, 4, 4, 3, 4, 3, 4, 3, 4, 3, 3, 2, 4, 2, 2, 2, 2, 3, 3, 4, 2, 4, 3, 1, 4, 3, 4, 1, 2, 4, 2, 2, 4, 4, 4, 2, 4, 4, 4, 2, 4, 4, 3, 1, 3, 3, 2, 1, 3, 4, 2, 2, 4, 3, 4, 3, 3, 4, 4, 4, 2, 4, 4, 4, 4, 4, 4, 3, 4, 4, 4, 4, 3, 1, 4, 1, 4, 3, 4, 2, 2, 1, 2, 3, 2, 1, 3, 4, 3, 4, 2, 4, 3, 4, 4, 4, 1, 4, 3, 3, 1, 4, 1, 2, 4, 4, 4, 4, 4, 1, 3, 4, 4, 3, 4, 4, 1, 4, 4, 4, 3, 1, 4, 4, 2, 2, 3, 2, 3, 2, 4, 2, 2, 2, 3, 4, 4, 2, 2, 3, 3, 3, 4, 2, 3, 3, 4, 4, 2, 4, 2, 2, 1, 3, 2, 4, 3, 4, 4, 3, 2, 3, 3, 3, 4, 4, 4, 3, 2, 4, 2, 4, 3, 4, 4, 3, 3, 3, 3, 4, 1, 1, 3, 3, 4, 4, 4, 4, 1, 1, 1, 4, 3, 4, 4, 1, 2, 4, 4, 3, 3, 4, 2, 2, 2, 3, 4, 4, 4, 4, 4, 4, 3, 4, 4, 3, 3, 4, 3, 4, 4, 3, 4, 3, 4, 2, 2, 4, 3, 4, 2, 3, 4, 4, 3, 3, 3, 3, 2, 3, 2, 3, 2, 4, 4, 4, 4, 1, 1, 2, 4, 2, 1, 4, 4, 3, 3, 4, 1, 3, 2, 1, 2, 3, 4, 4, 4, 4, 4, 2, 2, 3, 4, 3, 2, 4, 3, 3, 3, 3, 4, 3, 3, 4, 2, 4, 2, 3, 4, 3, 3, 4, 4, 3, 3, 4, 3, 4, 3, 4, 3, 4, 2, 4, 2, 1, 2, 1, 3, 1, 4, 2, 1, 4, 1, 3, 4, 3, 1, 3, 1, 1, 1, 3, 2, 2, 2, 4, 4, 4, 4, 3, 4, 4, 3, 2, 4, 3, 3, 3, 4, 1, 1, 3, 1, 3, 1, 2, 4, 3, 1, 2, 4, 3, 4, 2, 4, 2, 3, 3, 4, 4, 4, 3, 4, 3, 4, 4, 4, 3, 4, 1, 3, 2, 4, 1, 4, 4, 1, 1, 2, 4, 3, 4, 4, 4, 3, 1, 3, 3, 2, 3, 3, 4, 4, 3, 4, 3, 1, 3, 3, 4, 3, 2, 4, 3, 3, 3, 3, 3, 4, 4, 2, 2, 3, 4, 4, 3, 3, 4, 4, 4, 3, 3, 4, 4, 3, 3, 2, 4, 4]

Total across score = 1361
Average across score = 3.24047619048
Across score breakdown = [4, 4, 2, 3, 4, 4, 3, 3, 4, 4, 2, 4, 3, 4, 4, 4, 3, 4, 3, 3, 3, 4, 4, 4, 4, 4, 4, 4, 4, 4, 4, 4, 3, 2, 3, 4, 3, 1, 3, 3, 4, 2, 4, 4, 2, 4, 2, 2, 1, 4, 4, 1, 2, 4, 2, 4, 4, 3, 2, 4, 2, 3, 2, 2, 3, 4, 4, 2, 3, 1, 4, 4, 4, 2, 3, 4, 3, 4, 2, 2, 1, 4, 4, 4, 4, 4, 4, 4, 4, 1, 3, 3, 3, 4, 3, 3, 2, 2, 2, 1, 1, 3, 2, 4, 4, 4, 3, 2, 4, 4, 4, 2, 4, 4, 3, 4, 2, 4, 4, 3, 4, 4, 3, 4, 3, 4, 4, 4, 4, 3, 4, 4, 1, 4, 4, 2, 4, 4, 4, 4, 2, 2, 4, 4, 3, 4, 4, 3, 2, 2, 4, 1, 4, 1, 4, 4, 3, 4, 2, 4, 4, 4, 4, 4, 4, 4, 4, 2, 2, 4, 2, 4, 2, 4, 3, 4, 2, 4, 4, 2, 4, 4, 3, 4, 1, 1, 1, 2, 4, 4, 4, 1, 4, 4, 1, 3, 3, 4, 3, 4, 4, 4, 4, 4, 4, 2, 4, 4, 1, 4, 4, 4, 3, 4, 3, 3, 3, 3, 4, 4, 3, 4, 4, 2, 4, 4, 2, 2, 4, 2, 4, 4, 4, 4, 3, 4, 1, 4, 4, 2, 2, 4, 4, 2, 4, 3, 3, 2, 4, 1, 4, 3, 4, 3, 4, 3, 4, 2, 3, 4, 4, 4, 4, 4, 4, 1, 4, 4, 4, 2, 4, 4, 4, 4, 4, 4, 3, 3, 4, 4, 4, 2, 3, 4, 3, 2, 4, 3, 3, 3, 4, 4, 4, 4, 2, 4, 4, 4, 2, 3, 4, 4, 4, 4, 3, 4, 2, 4, 3, 3, 4, 3, 4, 1, 2, 2, 3, 4, 4, 2, 1, 4, 4, 4, 4, 4, 4, 2, 4, 4, 4, 2, 4, 4, 4, 4, 4, 2, 3, 1, 3, 3, 4, 1, 1, 2, 4, 4, 4, 4, 1, 4, 4, 1, 4, 4, 4, 4, 4, 4, 3, 4, 3, 4, 4, 4, 4, 3, 4, 3, 4, 1, 3, 4, 2, 4, 4, 4, 1, 4, 4, 4, 4, 4, 4, 4, 2, 3, 3, 2, 4, 4, 2, 3, 4, 3, 2, 3, 3, 4, 3, 4, 4, 4, 2, 1, 2, 1, 4, 1, 4, 4, 3, 4, 4, 1, 4, 2, 1, 4]

Side score avg percent = 0.311656650679
Across score avg percent = 0.322040404392
Side score percent breakdown = [0.3, 0.10526315789473684, 0.55, 0.3, 0.2, 0.2, 0.2, 0.47368421052631576, 0.3157894736842105, 0.4, 0.25, 0.6842105263157895, 0.21052631578947367, 0.3157894736842105, 0.2, 0.3157894736842105, 0.35, 0.25, 0.15789473684210525, 0.45, 0.38613861386138615, 0.5742574257425742, 0.21782178217821782, 0.5346534653465347, 0.34, 0.48514851485148514, 0.44554455445544555, 0.3069306930693069, 0.37, 0.3, 0.25742574257425743, 0.21782178217821782, 0.39, 0.25742574257425743, 0.26732673267326734, 0.34, 0.2376237623762376, 0.3, 0.32, 0.1782178217821782, 0.2665330661322645, 0.618, 0.33, 0.34, 0.324, 0.512, 0.45, 0.54, 0.528, 0.19438877755511022, 0.312, 0.33, 0.31462925851703405, 0.4168336673346693, 0.23, 0.33266533066132264, 0.39879759519038077, 0.48897795591182364, 0.252, 0.24, 0.5, 0.15, 0.15, 0.25, 0.35, 0.21052631578947367, 0.3157894736842105, 0.25, 0.3, 0.10526315789473684, 0.4, 0.25, 0.25, 0.25, 0.631578947368421, 0.25, 0.25, 0.2, 0.3157894736842105, 0.2, 0.2, 0.48, 0.41, 0.26732673267326734, 0.22772277227722773, 0.1782178217821782, 0.42, 0.37, 0.44, 0.31683168316831684, 0.31, 0.26, 0.32673267326732675, 0.21782178217821782, 0.3, 0.5346534653465347, 0.33663366336633666, 0.3069306930693069, 0.297029702970297, 0.27722772277227725, 0.45, 0.28, 0.32673267326732675, 0.33, 0.18811881188118812, 0.48096192384769537, 0.312, 0.416, 0.248, 0.51, 0.4789579158316633, 0.448, 0.33, 0.294, 0.292, 0.3687374749498998, 0.3286573146292585, 0.272, 0.226, 0.36, 0.37, 0.46, 0.48096192384769537, 0.32, 0.3366733466933868, 0.25, 0.25, 0.25, 0.2, 0.05, 0.21052631578947367, 0.05263157894736842, 0.25, 0.47368421052631576, 0.3, 0.15789473684210525, 0.0, 0.21052631578947367, 0.2631578947368421, 0.45, 0.33, 0.32673267326732675, 0.31683168316831684, 0.21782178217821782, 0.27722772277227725, 0.45, 0.32673267326732675, 0.32673267326732675, 0.19, 0.1782178217821782, 0.34, 0.44, 0.22, 0.51, 0.33663366336633666, 0.3069306930693069, 0.35, 0.27722772277227725, 0.19, 0.2, 0.576, 0.43, 0.334, 0.286, 0.5190380761523046, 0.218, 0.29, 0.314, 0.29, 0.2925851703406814, 0.244, 0.296, 0.32665330661322645, 0.41282565130260523, 0.448, 0.266, 0.274, 0.2785571142284569, 0.30060120240480964, 0.23446893787575152, 0.4028056112224449, 0.10526315789473684, 0.55, 0.35, 0.2, 0.25, 0.4, 0.25, 0.1, 0.2, 0.2, 0.3, 0.25, 0.3, 0.21052631578947367, 0.47368421052631576, 0.3157894736842105, 0.3, 0.36, 0.32673267326732675, 0.25742574257425743, 0.27722772277227725, 0.26732673267326734, 0.33663366336633666, 0.4158415841584158, 0.31, 0.23, 0.2871287128712871, 0.27722772277227725, 0.3069306930693069, 0.25, 0.33, 0.24, 0.42574257425742573, 0.28, 0.27, 0.32, 0.19801980198019803, 0.23, 0.3564356435643564, 0.27, 0.218436873747495, 0.518, 0.342, 0.356, 0.248, 0.446, 0.5410821643286573, 0.496, 0.702, 0.22244488977955912, 0.328, 0.3927855711422846, 0.278, 0.286, 0.238, 0.3246492985971944, 0.5070140280561122, 0.214, 0.3366733466933868, 0.20641282565130262, 0.3157894736842105, 0.35, 0.15, 0.4, 0.35, 0.3, 0.1, 0.45, 0.2, 0.25, 0.15789473684210525, 0.2, 0.25, 0.4, 0.3157894736842105, 0.10526315789473684, 0.3, 0.4, 0.10526315789473684, 0.25, 0.15789473684210525, 0.37623762376237624, 0.71, 0.297029702970297, 0.3564356435643564, 0.27722772277227725, 0.27722772277227725, 0.5643564356435643, 0.42, 0.49504950495049505, 0.31683168316831684, 0.24752475247524752, 0.2871287128712871, 0.31, 0.41, 0.32, 0.3069306930693069, 0.21782178217821782, 0.36633663366336633, 0.25, 0.26, 0.34, 0.41, 0.35, 0.2376237623762376, 0.25, 0.372, 0.5671342685370742, 0.328, 0.348, 0.244, 0.458, 0.524, 0.56, 0.268, 0.26452905811623245, 0.3226452905811623, 0.2965931863727455, 0.503006012024048, 0.25, 0.392, 0.28857715430861725, 0.35, 0.3, 0.35, 0.21052631578947367, 0.2, 0.4, 0.2, 0.45, 0.21052631578947367, 0.1, 0.3, 0.3157894736842105, 0.3, 0.42105263157894735, 0.3, 0.47368421052631576, 0.3157894736842105, 0.15, 0.2, 0.3157894736842105, 0.5346534653465347, 0.27722772277227725, 0.3564356435643564, 0.45544554455445546, 0.2376237623762376, 0.22, 0.24752475247524752, 0.32673267326732675, 0.24752475247524752, 0.33, 0.27722772277227725, 0.2871287128712871, 0.4, 0.26732673267326734, 0.31683168316831684, 0.32, 0.29, 0.19, 0.297029702970297, 0.214, 0.501002004008016, 0.404, 0.302, 0.262, 0.506, 0.402, 0.376, 0.616, 0.23046092184368738, 0.272, 0.302, 0.3867735470941884, 0.254, 0.28, 0.29458917835671344, 0.4468937875751503, 0.296, 0.34468937875751504, 0.296, 0.3, 0.35, 0.2, 0.2, 0.25, 0.15, 0.42105263157894735, 0.25, 0.3, 0.35, 0.3157894736842105, 0.2, 0.47368421052631576, 0.2631578947368421, 0.3684210526315789, 0.3, 0.3684210526315789, 0.2, 0.21052631578947367, 0.21052631578947367, 0.25, 0.25742574257425743, 0.40594059405940597, 0.3069306930693069, 0.37623762376237624, 0.3069306930693069, 0.3564356435643564, 0.37623762376237624, 0.3069306930693069, 0.25742574257425743, 0.31683168316831684, 0.31683168316831684, 0.3069306930693069, 0.46, 0.5, 0.25742574257425743, 0.24752475247524752, 0.28, 0.24, 0.384, 0.32, 0.45, 0.31, 0.278, 0.404, 0.476, 0.316, 0.234, 0.2905811623246493, 0.3907815631262525, 0.3366733466933868, 0.476, 0.24649298597194388, 0.394, 0.23847695390781562, 0.312, 0.244, 0.35, 0.21052631578947367, 0.3, 0.2, 0.25, 0.2, 0.1, 0.25, 0.3, 0.35, 0.25, 0.3684210526315789, 0.2631578947368421, 0.1, 0.35, 0.25, 0.5263157894736842, 0.21052631578947367, 0.15, 0.3157894736842105, 0.25, 0.15, 0.46534653465346537, 0.45, 0.45544554455445546, 0.19801980198019803, 0.3564356435643564, 0.37623762376237624, 0.3, 0.21, 0.39603960396039606, 0.4, 0.33, 0.18811881188118812, 0.3069306930693069, 0.29, 0.22, 0.22, 0.32, 0.37623762376237624, 0.22772277227722773, 0.226, 0.63, 0.4, 0.398, 0.284, 0.362, 0.49, 0.532, 0.3286573146292585, 0.24248496993987975, 0.3226452905811623, 0.4, 0.264, 0.3306613226452906, 0.36472945891783565, 0.492, 0.2565130260521042, 0.312625250501002, 0.45, 0.3, 0.45, 0.25, 0.15, 0.3157894736842105, 0.1, 0.47368421052631576, 0.2, 0.35, 0.21052631578947367, 0.15789473684210525, 0.05263157894736842, 0.2, 0.2631578947368421, 0.21052631578947367, 0.2, 0.3564356435643564, 0.297029702970297, 0.2871287128712871, 0.36633663366336633, 0.24752475247524752, 0.36633663366336633, 0.297029702970297, 0.34, 0.41, 0.27722772277227725, 0.15841584158415842, 0.32673267326732675, 0.27, 0.21, 0.2, 0.33663366336633666, 0.21782178217821782, 0.18036072144288579, 0.4408817635270541, 0.486, 0.494, 0.44, 0.531062124248497, 0.234, 0.332, 0.35671342685370744, 0.31, 0.2745490981963928, 0.4709418837675351, 0.5090180360721442, 0.2, 0.3246492985971944, 0.3, 0.35, 0.2, 0.15, 0.55, 0.5, 0.15, 0.25, 0.2, 0.3, 0.25, 0.2, 0.5263157894736842, 0.2, 0.2, 0.2, 0.25, 0.45, 0.3157894736842105, 0.2, 0.15789473684210525, 0.3, 0.2631578947368421, 0.31683168316831684, 0.39603960396039606, 0.21782178217821782, 0.2376237623762376, 0.40594059405940597, 0.33663366336633666, 0.38, 0.18, 0.2871287128712871, 0.25, 0.29, 0.19801980198019803, 0.32, 0.24, 0.29, 0.26, 0.31, 0.37, 0.29, 0.2376237623762376, 0.384, 0.356, 0.37675350701402804, 0.42, 0.318, 0.424, 0.342, 0.232, 0.398, 0.238, 0.3106212424849699, 0.256, 0.31462925851703405, 0.45490981963927857, 0.318, 0.264, 0.258, 0.29, 0.5050100200400801, 0.232, 0.2124248496993988, 0.27655310621242485, 0.3, 0.3, 0.4, 0.35, 0.45, 0.1, 0.15, 0.1, 0.45, 0.25, 0.4, 0.3, 0.05, 0.2, 0.42105263157894735, 0.4, 0.3, 0.2631578947368421, 0.3684210526315789, 0.25, 0.2, 0.2, 0.37623762376237624, 0.52, 0.4158415841584158, 0.36633663366336633, 0.297029702970297, 0.48, 0.45, 0.32, 0.2871287128712871, 0.31683168316831684, 0.31, 0.25742574257425743, 0.38613861386138615, 0.27, 0.38, 0.32673267326732675, 0.28, 0.3, 0.28, 0.31, 0.22, 0.206, 0.566, 0.35, 0.318, 0.228, 0.276, 0.558, 0.446, 0.294, 0.36, 0.276, 0.25250501002004005, 0.242, 0.306, 0.238, 0.328, 0.244, 0.2785571142284569, 0.3066132264529058, 0.37675350701402804, 0.4, 0.15789473684210525, 0.2, 0.2, 0.47368421052631576, 0.2, 0.15, 0.4, 0.3684210526315789, 0.3, 0.2, 0.4, 0.10526315789473684, 0.25, 0.2631578947368421, 0.15, 0.2, 0.25, 0.3157894736842105, 0.39603960396039606, 0.5148514851485149, 0.42574257425742573, 0.39603960396039606, 0.2376237623762376, 0.2079207920792079, 0.33663366336633666, 0.5148514851485149, 0.36, 0.22772277227722773, 0.42574257425742573, 0.27722772277227725, 0.38613861386138615, 0.26732673267326734, 0.32, 0.29, 0.26732673267326734, 0.297029702970297, 0.45, 0.26, 0.32, 0.18637274549098196, 0.33266533066132264, 0.376, 0.256, 0.304, 0.47, 0.498, 0.25250501002004005, 0.24849699398797595, 0.324, 0.336, 0.3687374749498998, 0.332, 0.5130260521042084, 0.254, 0.312625250501002, 0.24, 0.29458917835671344, 0.21052631578947367, 0.15, 0.15, 0.2, 0.25, 0.15, 0.3684210526315789, 0.2, 0.15, 0.3684210526315789, 0.0, 0.3, 0.35, 0.2631578947368421, 0.10526315789473684, 0.2631578947368421, 0.1, 0.15, 0.05263157894736842, 0.3157894736842105, 0.15, 0.2631578947368421, 0.25742574257425743, 0.5445544554455446, 0.45544554455445546, 0.42574257425742573, 0.32673267326732675, 0.27722772277227725, 0.5148514851485149, 0.49504950495049505, 0.2871287128712871, 0.24, 0.33663366336633666, 0.2871287128712871, 0.32673267326732675, 0.33, 0.36633663366336633, 0.19801980198019803, 0.14, 0.32673267326732675, 0.13, 0.25, 0.21782178217821782, 0.23, 0.2871287128712871, 0.29, 0.19801980198019803, 0.202, 0.434, 0.312, 0.416, 0.26, 0.44488977955911824, 0.24248496993987975, 0.24248496993987975, 0.354, 0.34468937875751504, 0.4028056112224449, 0.40080160320641284, 0.26, 0.28, 0.322, 0.394, 0.436, 0.464, 0.272, 0.312, 0.20841683366733466, 0.28857715430861725, 0.24, 0.42105263157894735, 0.2, 0.3157894736842105, 0.35, 0.15789473684210525, 0.15, 0.25, 0.45, 0.25, 0.3, 0.3, 0.3684210526315789, 0.3157894736842105, 0.10526315789473684, 0.25, 0.2, 0.2631578947368421, 0.2, 0.26732673267326734, 0.5346534653465347, 0.42574257425742573, 0.27722772277227725, 0.4, 0.27, 0.19, 0.31683168316831684, 0.3069306930693069, 0.4, 0.28, 0.26, 0.32, 0.3, 0.26, 0.26, 0.31, 0.24752475247524752, 0.37623762376237624, 0.39603960396039606, 0.2, 0.212, 0.4468937875751503, 0.384, 0.458, 0.246, 0.266, 0.454, 0.464, 0.586, 0.24448897795591182, 0.3046092184368738, 0.286, 0.5110220440881763, 0.3306613226452906, 0.288, 0.2565130260521042, 0.5250501002004008, 0.262]
Across score percent breakdown = [0.55, 0.5, 0.25, 0.25, 0.35, 0.35, 0.3, 0.35, 0.35, 0.5, 0.2, 0.44554455445544555, 0.2376237623762376, 0.36633663366336633, 0.28, 0.3465346534653465, 0.28, 0.37, 0.24, 0.26, 0.262, 0.3246492985971944, 0.31, 0.3927855711422846, 0.374749498997996, 0.376, 0.28256513026052105, 0.3286573146292585, 0.362, 0.3186372745490982, 0.55, 0.3, 0.3, 0.2, 0.25, 0.3, 0.2631578947368421, 0.0, 0.25, 0.26732673267326734, 0.5148514851485149, 0.22772277227722773, 0.32, 0.38613861386138615, 0.22772277227722773, 0.318, 0.228, 0.252, 0.218, 0.402, 0.394, 0.23046092184368738, 0.250501002004008, 0.3046092184368738, 0.23647294589178355, 0.35, 0.3, 0.2, 0.2, 0.3, 0.2, 0.2, 0.2, 0.15789473684210525, 0.2, 0.3, 0.47368421052631576, 0.21052631578947367, 0.3684210526315789, 0.05263157894736842, 0.38613861386138615, 0.504950495049505, 0.5643564356435643, 0.24, 0.2871287128712871, 0.42574257425742573, 0.28, 0.39, 0.28, 0.22, 0.15841584158415842, 0.272, 0.668, 0.632, 0.756, 0.294, 0.388, 0.384, 0.342685370741483, 0.15, 0.25, 0.25, 0.25, 0.55, 0.2631578947368421, 0.25, 0.15, 0.25, 0.21052631578947367, 0.0, 0.15, 0.2631578947368421, 0.2079207920792079, 0.504950495049505, 0.3465346534653465, 0.41, 0.24752475247524752, 0.24, 0.3, 0.276, 0.38877755511022044, 0.2665330661322645, 0.3106212424849699, 0.382, 0.24, 0.34468937875751504, 0.242, 0.32665330661322645, 0.31, 0.2, 0.35, 0.3157894736842105, 0.2, 0.5, 0.3157894736842105, 0.45, 0.3157894736842105, 0.4, 0.55, 0.25, 0.43564356435643564, 0.38, 0.19801980198019803, 0.29, 0.748, 0.2565130260521042, 0.296, 0.374, 0.41282565130260523, 0.37, 0.24448897795591182, 0.254, 0.35671342685370744, 0.418, 0.2745490981963928, 0.2905811623246493, 0.3, 0.25, 0.15, 0.21052631578947367, 0.4, 0.15789473684210525, 0.2631578947368421, 0.05, 0.3, 0.3, 0.2631578947368421, 0.43564356435643564, 0.31683168316831684, 0.33663366336633666, 0.3069306930693069, 0.5346534653465347, 0.42574257425742573, 0.31683168316831684, 0.3, 0.39, 0.38, 0.21782178217821782, 0.216, 0.412, 0.24649298597194388, 0.398, 0.258, 0.336, 0.292, 0.4649298597194389, 0.23446893787575152, 0.404, 0.3157894736842105, 0.25, 0.3157894736842105, 0.3157894736842105, 0.2631578947368421, 0.3, 0.10526315789473684, 0.15789473684210525, 0.10526315789473684, 0.2079207920792079, 0.6831683168316832, 0.37623762376237624, 0.3465346534653465, 0.1782178217821782, 0.4158415841584158, 0.46, 0.1782178217821782, 0.28, 0.26732673267326734, 0.37623762376237624, 0.27, 0.306, 0.446, 0.668, 0.312, 0.43, 0.4, 0.244, 0.39, 0.468, 0.21643286573146292, 0.4168336673346693, 0.35070140280561124, 0.3684210526315789, 0.25, 0.55, 0.35, 0.25, 0.15, 0.3157894736842105, 0.35, 0.3465346534653465, 0.24752475247524752, 0.40594059405940597, 0.39603960396039606, 0.25742574257425743, 0.33663366336633666, 0.44554455445544555, 0.21, 0.24, 0.35, 0.2376237623762376, 0.288, 0.706, 0.292, 0.37675350701402804, 0.2605210420841683, 0.3527054108216433, 0.218, 0.34468937875751504, 0.452, 0.266, 0.238, 0.33, 0.3, 0.21052631578947367, 0.35, 0.25, 0.2, 0.25, 0.42105263157894735, 0.1, 0.4, 0.2, 0.42105263157894735, 0.25, 0.3157894736842105, 0.25, 0.39603960396039606, 0.21782178217821782, 0.27722772277227725, 0.33663366336633666, 0.5346534653465347, 0.4158415841584158, 0.37623762376237624, 0.39, 0.33, 0.23, 0.3, 0.2871287128712871, 0.272, 0.268, 0.504, 0.536, 0.34468937875751504, 0.278, 0.304, 0.488, 0.25851703406813625, 0.262, 0.3066132264529058, 0.32064128256513025, 0.318, 0.256, 0.250501002004008, 0.45, 0.21052631578947367, 0.15, 0.3157894736842105, 0.2631578947368421, 0.3, 0.2631578947368421, 0.40594059405940597, 0.39, 0.39603960396039606, 0.46534653465346537, 0.24752475247524752, 0.37623762376237624, 0.46, 0.27, 0.2376237623762376, 0.27722772277227725, 0.278, 0.452, 0.398, 0.3807615230460922, 0.30060120240480964, 0.2685370741482966, 0.232, 0.2905811623246493, 0.3157894736842105, 0.3, 0.4, 0.25, 0.42105263157894735, 0.10526315789473684, 0.2, 0.21052631578947367, 0.25742574257425743, 0.56, 0.45544554455445546, 0.24, 0.1782178217821782, 0.4752475247524752, 0.43, 0.27722772277227725, 0.48, 0.49, 0.704, 0.2625250501002004, 0.39, 0.344, 0.3406813627254509, 0.27655310621242485, 0.3787575150300601, 0.3, 0.2665330661322645, 0.4, 0.3, 0.21052631578947367, 0.25, 0.05, 0.35, 0.2, 0.42105263157894735, 0.1, 0.10526315789473684, 0.2, 0.4752475247524752, 0.594059405940594, 0.44, 0.31683168316831684, 0.22, 0.27722772277227725, 0.27, 0.21, 0.29, 0.364, 0.638, 0.576, 0.32, 0.41282565130260523, 0.30861723446893785, 0.294, 0.276, 0.348, 0.306, 0.29, 0.2905811623246493, 0.25, 0.5, 0.25, 0.42105263157894735, 0.15, 0.3, 0.47368421052631576, 0.2, 0.5, 0.5643564356435643, 0.3465346534653465, 0.21, 0.3, 0.298, 0.562, 0.51, 0.788, 0.366, 0.316, 0.25201612903225806, 0.2631578947368421, 0.2, 0.2, 0.4, 0.35, 0.2, 0.25, 0.45, 0.2631578947368421, 0.21052631578947367, 0.21052631578947367, 0.2631578947368421, 0.37623762376237624, 0.2871287128712871, 0.57, 0.6138613861386139, 0.33663366336633666, 0.26, 0.13861386138613863, 0.23, 0.1485148514851485, 0.532, 0.23, 0.394, 0.35, 0.254, 0.336, 0.344, 0.212, 0.40480961923847697, 0.2545090180360721, 0.22244488977955912, 0.34468937875751504]
