Total side score = 616
Average side score = 2.93333333333
Side score breakdown = [2, 3, 3, 4, 4, 4, 2, 3, 3, 3, 3, 4, 4, 2, 2, 3, 2, 4, 4, 4, 3, 4, 3, 4, 2, 4, 3, 3, 3, 4, 3, 4, 3, 3, 3, 3, 3, 4, 2, 3, 1, 1, 2, 3, 1, 3, 4, 3, 1, 4, 2, 3, 2, 2, 2, 3, 3, 2, 1, 3, 4, 4, 3, 1, 4, 4, 3, 4, 3, 3, 2, 3, 3, 2, 3, 2, 4, 2, 4, 3, 3, 4, 4, 3, 3, 3, 3, 2, 3, 4, 4, 3, 1, 2, 4, 4, 3, 3, 1, 2, 2, 2, 2, 3, 4, 3, 3, 4, 2, 2, 3, 4, 3, 4, 1, 4, 4, 2, 2, 3, 3, 1, 2, 3, 2, 4, 3, 4, 4, 4, 4, 3, 3, 2, 4, 4, 3, 2, 3, 3, 3, 3, 4, 4, 4, 3, 4, 4, 2, 4, 3, 1, 4, 3, 3, 3, 4, 4, 4, 3, 3, 3, 3, 3, 2, 3, 4, 4, 3, 4, 1, 4, 4, 2, 4, 4, 2, 4, 2, 3, 3, 2, 3, 1, 2, 2, 3, 2, 2, 4, 4, 1, 2, 4, 4, 1, 4, 3, 3, 2, 3, 2, 1, 1, 3, 4, 1, 3, 3, 3]

Total across score = 0
Across score breakdown = []

Side score avg percent = 0.287059887008
Side score percent breakdown = [0.23809523809523808, 0.25, 0.2777777777777778, 0.38095238095238093, 0.5, 0.2631578947368421, 0.2857142857142857, 0.2631578947368421, 0.3, 0.21739130434782608, 0.25, 0.4230769230769231, 0.2857142857142857, 0.18181818181818182, 0.17647058823529413, 0.22727272727272727, 0.1875, 0.34782608695652173, 0.38095238095238093, 0.3684210526315789, 0.29411764705882354, 0.35294117647058826, 0.22727272727272727, 0.3181818181818182, 0.25, 0.2727272727272727, 0.3333333333333333, 0.3125, 0.35714285714285715, 0.3157894736842105, 0.25, 0.2857142857142857, 0.29411764705882354, 0.2777777777777778, 0.4117647058823529, 0.3125, 0.2608695652173913, 0.35294117647058826, 0.21052631578947367, 0.2631578947368421, 0.11764705882352941, 0.15, 0.2, 0.23809523809523808, 0.21052631578947367, 0.3333333333333333, 0.42857142857142855, 0.3333333333333333, 0.15, 0.5294117647058824, 0.2222222222222222, 0.35, 0.23529411764705882, 0.21052631578947367, 0.1875, 0.25, 0.25, 0.2222222222222222, 0.3, 0.2631578947368421, 0.45, 0.38095238095238093, 0.2631578947368421, 0.15789473684210525, 0.38095238095238093, 0.3333333333333333, 0.3157894736842105, 0.3333333333333333, 0.3333333333333333, 0.3333333333333333, 0.21052631578947367, 0.3125, 0.3333333333333333, 0.38461538461538464, 0.25, 0.2631578947368421, 0.35294117647058826, 0.23529411764705882, 0.35, 0.35294117647058826, 0.2631578947368421, 0.3333333333333333, 0.4, 0.42105263157894735, 0.3684210526315789, 0.3333333333333333, 0.2631578947368421, 0.2, 0.2631578947368421, 0.4, 0.3157894736842105, 0.25, 0.2, 0.2777777777777778, 0.375, 0.375, 0.35, 0.25, 0.19047619047619047, 0.2, 0.23529411764705882, 0.21428571428571427, 0.17647058823529413, 0.3888888888888889, 0.2777777777777778, 0.25, 0.29411764705882354, 0.4, 0.19047619047619047, 0.2857142857142857, 0.29411764705882354, 0.4, 0.375, 0.29411764705882354, 0.1111111111111111, 0.3684210526315789, 0.2608695652173913, 0.26666666666666666, 0.2, 0.3, 0.29411764705882354, 0.16666666666666666, 0.22727272727272727, 0.3125, 0.2, 0.35, 0.23809523809523808, 0.35, 0.3157894736842105, 0.2857142857142857, 0.2608695652173913, 0.2727272727272727, 0.3125, 0.23529411764705882, 0.2916666666666667, 0.47058823529411764, 0.2777777777777778, 0.21052631578947367, 0.3333333333333333, 0.25, 0.35294117647058826, 0.3333333333333333, 0.3, 0.4090909090909091, 0.3181818181818182, 0.26666666666666666, 0.3333333333333333, 0.2777777777777778, 0.15789473684210525, 0.2608695652173913, 0.2, 0.16666666666666666, 0.3181818181818182, 0.3157894736842105, 0.2777777777777778, 0.29411764705882354, 0.4, 0.375, 0.36363636363636365, 0.2777777777777778, 0.29411764705882354, 0.25, 0.25, 0.25, 0.26666666666666666, 0.2777777777777778, 0.3, 0.3157894736842105, 0.26666666666666666, 0.3157894736842105, 0.21428571428571427, 0.4090909090909091, 0.4, 0.23809523809523808, 0.3684210526315789, 0.3333333333333333, 0.2777777777777778, 0.25, 0.21052631578947367, 0.2857142857142857, 0.29411764705882354, 0.16666666666666666, 0.2777777777777778, 0.15789473684210525, 0.21052631578947367, 0.2, 0.23809523809523808, 0.26666666666666666, 0.2631578947368421, 0.4166666666666667, 0.5, 0.1875, 0.25, 0.30434782608695654, 0.35294117647058826, 0.1875, 0.3157894736842105, 0.3333333333333333, 0.25, 0.25, 0.2857142857142857, 0.21052631578947367, 0.25, 0.14285714285714285, 0.25, 0.3157894736842105, 0.2222222222222222, 0.2631578947368421, 0.29411764705882354, 0.3157894736842105]
Across score percent breakdown = []
