Total side score = 441
Average side score = 2.57894736842
Side score breakdown = [3, 4, 1, 4, 1, 1, 2, 2, 2, 2, 1, 2, 4, 4, 4, 3, 1, 4, 3, 1, 4, 3, 1, 2, 4, 1, 2, 1, 3, 4, 2, 3, 2, 2, 2, 2, 2, 2, 4, 2, 4, 3, 3, 3, 4, 2, 4, 3, 2, 1, 2, 2, 2, 3, 1, 2, 2, 3, 4, 3, 3, 3, 1, 3, 3, 2, 1, 2, 3, 1, 4, 3, 1, 1, 2, 2, 2, 2, 3, 3, 2, 3, 3, 2, 1, 4, 3, 1, 4, 2, 3, 2, 1, 2, 3, 2, 1, 3, 3, 1, 2, 1, 1, 1, 2, 3, 4, 3, 3, 4, 4, 2, 2, 3, 3, 4, 4, 3, 4, 3, 1, 2, 4, 2, 2, 2, 3, 4, 2, 3, 2, 4, 4, 2, 4, 3, 4, 2, 4, 2, 2, 4, 2, 4, 4, 4, 3, 2, 3, 3, 2, 4, 4, 3, 2, 3, 3, 2, 3, 4, 4, 4, 3, 1, 3, 4, 1, 1, 1, 2, 3]

Total across score = 196
Average across score = 2.92537313433
Across score breakdown = [2, 3, 3, 3, 3, 2, 4, 4, 3, 3, 3, 3, 3, 2, 3, 3, 4, 3, 1, 4, 3, 2, 2, 4, 4, 3, 3, 3, 4, 3, 2, 3, 2, 4, 3, 2, 4, 3, 4, 4, 1, 1, 3, 3, 1, 4, 3, 4, 4, 3, 3, 3, 3, 4, 4, 2, 2, 4, 3, 3, 3, 2, 2, 3, 3, 3, 1]

Side score avg percent = 0.25334406392
Across score avg percent = 0.295557860501
Side score percent breakdown = [0.2631578947368421, 0.4166666666666667, 0.15789473684210525, 0.47619047619047616, 0.10526315789473684, 0.15384615384615385, 0.23529411764705882, 0.2222222222222222, 0.21052631578947367, 0.1875, 0.25, 0.2, 0.3, 0.35, 0.3333333333333333, 0.25, 0.17647058823529413, 0.35, 0.3125, 0.1875, 0.3684210526315789, 0.19047619047619047, 0.21052631578947367, 0.26666666666666666, 0.3333333333333333, 0.1875, 0.21052631578947367, 0.16666666666666666, 0.25, 0.2608695652173913, 0.2222222222222222, 0.2857142857142857, 0.2222222222222222, 0.19047619047619047, 0.3125, 0.21052631578947367, 0.2222222222222222, 0.23809523809523808, 0.3333333333333333, 0.25, 0.2857142857142857, 0.3, 0.29411764705882354, 0.2631578947368421, 0.38095238095238093, 0.25, 0.25, 0.23529411764705882, 0.2, 0.16666666666666666, 0.2, 0.14285714285714285, 0.16666666666666666, 0.25, 0.1111111111111111, 0.2, 0.25, 0.35294117647058826, 0.23809523809523808, 0.3333333333333333, 0.2, 0.25, 0.13333333333333333, 0.3125, 0.25, 0.22727272727272727, 0.14285714285714285, 0.23529411764705882, 0.2631578947368421, 0.15789473684210525, 0.2857142857142857, 0.23809523809523808, 0.15, 0.1875, 0.25, 0.19047619047619047, 0.16666666666666666, 0.3333333333333333, 0.3, 0.3, 0.18181818181818182, 0.25, 0.4, 0.26666666666666666, 0.19047619047619047, 0.3, 0.3125, 0.16666666666666666, 0.2916666666666667, 0.23529411764705882, 0.23809523809523808, 0.21052631578947367, 0.15, 0.18181818181818182, 0.29411764705882354, 0.21052631578947367, 0.21052631578947367, 0.3181818181818182, 0.22727272727272727, 0.17647058823529413, 0.23529411764705882, 0.2222222222222222, 0.11764705882352941, 0.15, 0.15789473684210525, 0.2777777777777778, 0.3125, 0.2222222222222222, 0.22727272727272727, 0.375, 0.4, 0.23529411764705882, 0.2, 0.2608695652173913, 0.25, 0.2727272727272727, 0.4166666666666667, 0.2222222222222222, 0.2857142857142857, 0.2631578947368421, 0.1875, 0.2222222222222222, 0.36363636363636365, 0.3076923076923077, 0.1875, 0.21739130434782608, 0.23529411764705882, 0.2857142857142857, 0.21428571428571427, 0.2777777777777778, 0.25, 0.4, 0.2727272727272727, 0.23529411764705882, 0.5, 0.3333333333333333, 0.2727272727272727, 0.25, 0.38095238095238093, 0.23529411764705882, 0.2222222222222222, 0.2857142857142857, 0.25, 0.3333333333333333, 0.30434782608695654, 0.35294117647058826, 0.3684210526315789, 0.26666666666666666, 0.3125, 0.3125, 0.2, 0.3684210526315789, 0.23809523809523808, 0.2, 0.19047619047619047, 0.2631578947368421, 0.29411764705882354, 0.23529411764705882, 0.29411764705882354, 0.3157894736842105, 0.23809523809523808, 0.3, 0.2777777777777778, 0.16666666666666666, 0.25925925925925924, 0.3, 0.17647058823529413, 0.26666666666666666, 0.1111111111111111, 0.2777777777777778, 0.2777777777777778]
Across score percent breakdown = [0.26666666666666666, 0.2777777777777778, 0.2631578947368421, 0.21739130434782608, 0.2, 0.1875, 0.5333333333333333, 0.4375, 0.3333333333333333, 0.35714285714285715, 0.3125, 0.3333333333333333, 0.2631578947368421, 0.21052631578947367, 0.25, 0.2631578947368421, 0.45, 0.2631578947368421, 0.15789473684210525, 0.3333333333333333, 0.3333333333333333, 0.38461538461538464, 0.2631578947368421, 0.35294117647058826, 0.4, 0.3684210526315789, 0.3333333333333333, 0.2631578947368421, 0.4, 0.25, 0.21428571428571427, 0.25, 0.19047619047619047, 0.3684210526315789, 0.3, 0.2, 0.2857142857142857, 0.3125, 0.2916666666666667, 0.47058823529411764, 0.15789473684210525, 0.16666666666666666, 0.3333333333333333, 0.4, 0.1875, 0.2777777777777778, 0.2777777777777778, 0.4, 0.375, 0.2777777777777778, 0.25, 0.25, 0.2777777777777778, 0.3157894736842105, 0.4090909090909091, 0.4, 0.23809523809523808, 0.25, 0.29411764705882354, 0.2777777777777778, 0.23809523809523808, 0.2631578947368421, 0.25, 0.3333333333333333, 0.25, 0.2857142857142857, 0.2222222222222222]
