Total side score = 214
Average side score = 2.43181818182
Side score breakdown = [2, 3, 2, 1, 3, 2, 4, 1, 2, 2, 2, 1, 2, 4, 2, 4, 2, 3, 3, 4, 2, 3, 2, 2, 3, 1, 3, 3, 2, 1, 4, 1, 2, 3, 2, 3, 3, 3, 2, 2, 2, 1, 3, 3, 2, 2, 3, 4, 2, 3, 3, 2, 1, 1, 4, 3, 1, 2, 1, 2, 1, 4, 2, 4, 3, 3, 2, 3, 3, 4, 3, 4, 2, 2, 3, 2, 3, 3, 2, 2, 3, 2, 4, 1, 4, 2, 1, 1]

Total across score = 310
Average across score = 2.44094488189
Across score breakdown = [1, 2, 4, 1, 3, 3, 1, 3, 1, 3, 3, 3, 3, 1, 2, 1, 4, 4, 3, 2, 3, 2, 2, 4, 2, 2, 3, 4, 3, 3, 2, 2, 2, 2, 2, 3, 4, 3, 3, 1, 2, 3, 2, 3, 2, 1, 2, 3, 1, 4, 3, 2, 3, 1, 1, 2, 3, 3, 4, 3, 3, 1, 3, 3, 1, 4, 2, 3, 2, 1, 4, 3, 1, 4, 2, 1, 1, 2, 3, 3, 4, 3, 2, 2, 2, 3, 3, 3, 4, 2, 1, 3, 2, 2, 1, 4, 4, 2, 1, 2, 3, 4, 3, 2, 4, 4, 2, 2, 2, 2, 3, 2, 2, 3, 1, 3, 1, 3, 2, 1, 4, 4, 1, 2, 1, 1, 3]

Side score avg percent = 0.234817683395
Across score avg percent = 0.246148625024
Side score percent breakdown = [0.15789473684210525, 0.2777777777777778, 0.2, 0.16666666666666666, 0.21739130434782608, 0.1875, 0.3684210526315789, 0.2, 0.19047619047619047, 0.1875, 0.26666666666666666, 0.15789473684210525, 0.18181818181818182, 0.5333333333333333, 0.2222222222222222, 0.3684210526315789, 0.058823529411764705, 0.3333333333333333, 0.3125, 0.3333333333333333, 0.09523809523809523, 0.2631578947368421, 0.14285714285714285, 0.16666666666666666, 0.3333333333333333, 0.15, 0.2, 0.25, 0.2222222222222222, 0.125, 0.3181818181818182, 0.15789473684210525, 0.2, 0.3333333333333333, 0.20833333333333334, 0.2631578947368421, 0.25, 0.22727272727272727, 0.2, 0.23529411764705882, 0.21428571428571427, 0.14285714285714285, 0.29411764705882354, 0.29411764705882354, 0.17647058823529413, 0.15789473684210525, 0.3157894736842105, 0.2916666666666667, 0.13043478260869565, 0.3, 0.29411764705882354, 0.2, 0.17647058823529413, 0.15, 0.3125, 0.2222222222222222, 0.16666666666666666, 0.21052631578947367, 0.14285714285714285, 0.2222222222222222, 0.1875, 0.3181818181818182, 0.19047619047619047, 0.42105263157894735, 0.2608695652173913, 0.2, 0.3076923076923077, 0.2777777777777778, 0.29411764705882354, 0.30434782608695654, 0.19047619047619047, 0.3157894736842105, 0.25, 0.2, 0.3, 0.23809523809523808, 0.2631578947368421, 0.29411764705882354, 0.21052631578947367, 0.19047619047619047, 0.2631578947368421, 0.25, 0.3, 0.17647058823529413, 0.30434782608695654, 0.2222222222222222, 0.14285714285714285, 0.1111111111111111]
Across score percent breakdown = [0.15789473684210525, 0.23529411764705882, 0.2631578947368421, 0.15384615384615385, 0.3, 0.25, 0.1, 0.25, 0.16666666666666666, 0.3125, 0.21739130434782608, 0.22727272727272727, 0.19047619047619047, 0.21052631578947367, 0.21052631578947367, 0.16666666666666666, 0.3684210526315789, 0.3684210526315789, 0.29411764705882354, 0.26666666666666666, 0.22727272727272727, 0.19047619047619047, 0.25, 0.2727272727272727, 0.23809523809523808, 0.1875, 0.29411764705882354, 0.2857142857142857, 0.29411764705882354, 0.2777777777777778, 0.21052631578947367, 0.2, 0.29411764705882354, 0.25, 0.2857142857142857, 0.3333333333333333, 0.42857142857142855, 0.3333333333333333, 0.3333333333333333, 0.21052631578947367, 0.2222222222222222, 0.3125, 0.1875, 0.25, 0.22727272727272727, 0.14285714285714285, 0.15789473684210525, 0.2631578947368421, 0.15789473684210525, 0.2857142857142857, 0.2727272727272727, 0.21052631578947367, 0.3125, 0.1875, 0.16666666666666666, 0.3333333333333333, 0.3, 0.29411764705882354, 0.35, 0.35294117647058826, 0.3, 0.19047619047619047, 0.29411764705882354, 0.2631578947368421, 0.16666666666666666, 0.2916666666666667, 0.17647058823529413, 0.25, 0.21052631578947367, 0.21052631578947367, 0.29411764705882354, 0.25, 0.2, 0.2692307692307692, 0.1875, 0.11764705882352941, 0.15, 0.21052631578947367, 0.2222222222222222, 0.29411764705882354, 0.4, 0.29411764705882354, 0.2, 0.23529411764705882, 0.2222222222222222, 0.23809523809523808, 0.2608695652173913, 0.3125, 0.2608695652173913, 0.19047619047619047, 0.1875, 0.2631578947368421, 0.3076923076923077, 0.1875, 0.1, 0.4090909090909091, 0.2857142857142857, 0.15789473684210525, 0.15, 0.25, 0.25, 0.36363636363636365, 0.2631578947368421, 0.23529411764705882, 0.3, 0.2727272727272727, 0.2857142857142857, 0.2, 0.25, 0.21052631578947367, 0.3684210526315789, 0.23529411764705882, 0.2, 0.25, 0.15789473684210525, 0.2, 0.16666666666666666, 0.29411764705882354, 0.25, 0.1875, 0.23809523809523808, 0.3157894736842105, 0.16666666666666666, 0.21052631578947367, 0.25, 0.26666666666666666, 0.3157894736842105]
