Total side score = 502
Average side score = 3.23870967742
Side score breakdown = [4, 1, 2, 3, 4, 3, 4, 4, 4, 4, 3, 1, 4, 1, 2, 2, 4, 4, 3, 4, 4, 3, 2, 4, 3, 4, 4, 4, 4, 4, 4, 3, 2, 3, 2, 3, 2, 2, 4, 1, 2, 4, 4, 2, 4, 3, 4, 4, 4, 4, 2, 2, 3, 4, 4, 4, 4, 4, 4, 2, 4, 3, 4, 3, 2, 3, 4, 4, 4, 4, 4, 4, 3, 4, 3, 2, 4, 2, 2, 2, 3, 3, 2, 4, 4, 3, 4, 4, 4, 4, 3, 3, 4, 2, 3, 4, 4, 3, 4, 2, 1, 4, 4, 4, 2, 4, 2, 4, 4, 2, 2, 4, 4, 4, 4, 4, 4, 3, 4, 2, 2, 1, 2, 4, 4, 3, 3, 3, 4, 4, 4, 4, 4, 4, 1, 4, 4, 4, 3, 4, 4, 4, 2, 3, 1, 3, 3, 4, 3, 4, 4, 2, 4, 3, 3]

Total across score = 366
Average across score = 3.48571428571
Across score breakdown = [3, 1, 4, 4, 4, 4, 4, 4, 4, 1, 1, 3, 4, 4, 4, 4, 4, 4, 3, 4, 4, 3, 4, 4, 4, 4, 4, 4, 1, 2, 4, 4, 4, 3, 3, 4, 3, 4, 3, 3, 4, 4, 4, 4, 1, 2, 4, 4, 4, 4, 4, 4, 4, 4, 4, 4, 4, 3, 4, 4, 4, 4, 4, 3, 4, 4, 4, 2, 4, 2, 4, 4, 4, 4, 4, 3, 2, 4, 4, 4, 4, 4, 2, 1, 4, 4, 4, 4, 2, 4, 3, 3, 4, 4, 3, 3, 4, 4, 4, 4, 4, 3, 4, 2, 1]

Side score avg percent = 0.333192852727
Across score avg percent = 0.365198801732
Side score percent breakdown = [0.52, 0.13636363636363635, 0.1, 0.17391304347826086, 0.5555555555555556, 0.34285714285714286, 0.4880952380952381, 0.4520547945205479, 0.47706422018348627, 0.3523809523809524, 0.2912621359223301, 0.14285714285714285, 0.47619047619047616, 0.05263157894736842, 0.17391304347826086, 0.2, 0.3924050632911392, 0.422680412371134, 0.3761467889908257, 0.43478260869565216, 0.4742268041237113, 0.36893203883495146, 0.22727272727272727, 0.42857142857142855, 0.25, 0.38095238095238093, 0.4090909090909091, 0.41237113402061853, 0.46875, 0.39325842696629215, 0.47474747474747475, 0.3404255319148936, 0.21568627450980393, 0.22727272727272727, 0.21052631578947367, 0.2, 0.18181818181818182, 0.16666666666666666, 0.4090909090909091, 0.13636363636363635, 0.21212121212121213, 0.32407407407407407, 0.2857142857142857, 0.23809523809523808, 0.5301204819277109, 0.31313131313131315, 0.37373737373737376, 0.3888888888888889, 0.3979591836734694, 0.47435897435897434, 0.20754716981132076, 0.21739130434782608, 0.25, 0.47368421052631576, 0.2727272727272727, 0.4805194805194805, 0.3111111111111111, 0.38823529411764707, 0.4339622641509434, 0.35555555555555557, 0.5638297872340425, 0.29473684210526313, 0.29411764705882354, 0.22727272727272727, 0.22727272727272727, 0.22727272727272727, 0.4605263157894737, 0.30612244897959184, 0.37254901960784315, 0.3838383838383838, 0.3804347826086957, 0.4563106796116505, 0.2903225806451613, 0.4482758620689655, 0.33663366336633666, 0.20952380952380953, 0.2708333333333333, 0.2631578947368421, 0.22727272727272727, 0.2, 0.22727272727272727, 0.25, 0.13043478260869565, 0.5, 0.38461538461538464, 0.4, 0.36082474226804123, 0.4, 0.30927835051546393, 0.4777777777777778, 0.33, 0.18181818181818182, 0.3333333333333333, 0.18181818181818182, 0.2727272727272727, 0.4, 0.4056603773584906, 0.2727272727272727, 0.39080459770114945, 0.25, 0.14285714285714285, 0.47619047619047616, 0.2916666666666667, 0.391304347826087, 0.16494845360824742, 0.4536082474226804, 0.2777777777777778, 0.5, 0.3069306930693069, 0.2079207920792079, 0.25806451612903225, 0.34782608695652173, 0.42857142857142855, 0.45161290322580644, 0.3617021276595745, 0.4891304347826087, 0.4807692307692308, 0.27722772277227725, 0.3333333333333333, 0.23809523809523808, 0.16666666666666666, 0.19047619047619047, 0.18181818181818182, 0.44, 0.5096153846153846, 0.30392156862745096, 0.28, 0.3644859813084112, 0.42696629213483145, 0.42105263157894735, 0.4578313253012048, 0.3516483516483517, 0.28125, 0.43478260869565216, 0.125, 0.4090909090909091, 0.6395348837209303, 0.36666666666666664, 0.2815533980582524, 0.4945054945054945, 0.51, 0.336734693877551, 0.2159090909090909, 0.35106382978723405, 0.14432989690721648, 0.2727272727272727, 0.34545454545454546, 0.4823529411764706, 0.32673267326732675, 0.34285714285714286, 0.391304347826087, 0.26262626262626265, 0.27884615384615385, 0.30434782608695654, 0.3076923076923077]
Across score percent breakdown = [0.23809523809523808, 0.18181818181818182, 0.4166666666666667, 0.5681818181818182, 0.45, 0.3979591836734694, 0.44155844155844154, 0.3804347826086957, 0.2608695652173913, 0.13636363636363635, 0.14285714285714285, 0.22727272727272727, 0.39361702127659576, 0.6153846153846154, 0.4827586206896552, 0.3490566037735849, 0.4146341463414634, 0.36363636363636365, 0.2727272727272727, 0.4791666666666667, 0.42857142857142855, 0.3173076923076923, 0.4090909090909091, 0.5, 0.5277777777777778, 0.3404255319148936, 0.5205479452054794, 0.375, 0.20202020202020202, 0.23809523809523808, 0.3902439024390244, 0.37894736842105264, 0.4875, 0.38461538461538464, 0.28865979381443296, 0.6043956043956044, 0.3047619047619048, 0.3163265306122449, 0.22727272727272727, 0.22727272727272727, 0.6235294117647059, 0.5434782608695652, 0.3595505617977528, 0.32989690721649484, 0.18181818181818182, 0.19047619047619047, 0.42857142857142855, 0.42857142857142855, 0.3488372093023256, 0.3434343434343434, 0.5, 0.41414141414141414, 0.4090909090909091, 0.41836734693877553, 0.33, 0.4423076923076923, 0.44086021505376344, 0.23809523809523808, 0.49473684210526314, 0.4368932038834951, 0.43820224719101125, 0.4, 0.32967032967032966, 0.23809523809523808, 0.35, 0.4631578947368421, 0.42391304347826086, 0.1935483870967742, 0.3645833333333333, 0.1553398058252427, 0.2727272727272727, 0.45, 0.36363636363636365, 0.36363636363636365, 0.4090909090909091, 0.22727272727272727, 0.2631578947368421, 0.3711340206185567, 0.569620253164557, 0.5542168674698795, 0.4536082474226804, 0.4117647058823529, 0.21568627450980393, 0.09523809523809523, 0.391304347826087, 0.5, 0.32967032967032966, 0.41346153846153844, 0.21238938053097345, 0.29896907216494845, 0.20833333333333334, 0.22727272727272727, 0.32978723404255317, 0.40217391304347827, 0.30851063829787234, 0.2912621359223301, 0.5913978494623656, 0.48936170212765956, 0.5, 0.38095238095238093, 0.3786407766990291, 0.2696629213483146, 0.4691358024691358, 0.24468085106382978, 0.14705882352941177]
