Total side score = 544
Average side score = 3.14450867052
Side score breakdown = [4, 1, 2, 1, 1, 4, 3, 4, 4, 4, 1, 3, 3, 3, 4, 1, 3, 4, 2, 2, 3, 4, 4, 4, 3, 4, 4, 3, 1, 4, 2, 4, 4, 4, 3, 4, 4, 4, 2, 3, 2, 2, 1, 4, 3, 4, 2, 3, 2, 2, 4, 4, 4, 4, 3, 4, 3, 4, 4, 4, 3, 4, 3, 2, 3, 1, 3, 1, 4, 4, 4, 1, 1, 1, 4, 4, 4, 4, 4, 3, 2, 4, 2, 3, 2, 2, 4, 4, 4, 4, 4, 4, 2, 3, 3, 2, 4, 2, 4, 4, 4, 4, 4, 3, 4, 1, 2, 3, 4, 2, 4, 3, 4, 2, 2, 2, 3, 4, 3, 3, 3, 3, 2, 4, 3, 4, 3, 4, 4, 4, 4, 3, 1, 4, 2, 2, 4, 4, 4, 3, 3, 4, 4, 4, 4, 4, 4, 4, 3, 2, 3, 4, 4, 4, 4, 4, 3, 2, 3, 2, 4, 2, 4, 2, 2, 4, 3, 4, 4, 2, 4, 4, 4]

Total across score = 263
Average across score = 3.02298850575
Across score breakdown = [4, 3, 4, 4, 3, 4, 3, 4, 2, 2, 1, 2, 1, 4, 2, 4, 2, 3, 2, 4, 1, 2, 3, 4, 2, 4, 4, 3, 4, 2, 3, 4, 4, 3, 3, 3, 3, 3, 2, 3, 4, 3, 4, 3, 3, 4, 4, 1, 4, 3, 2, 2, 2, 4, 2, 1, 2, 4, 4, 4, 4, 3, 3, 4, 4, 4, 3, 3, 4, 3, 2, 4, 4, 4, 2, 2, 1, 3, 4, 2, 4, 3, 3, 4, 3, 3, 2]

Side score avg percent = 0.327452824302
Across score avg percent = 0.296639740118
Side score percent breakdown = [0.52, 0.19047619047619047, 0.21739130434782608, 0.15789473684210525, 0.09523809523809523, 0.42857142857142855, 0.34285714285714286, 0.47706422018348627, 0.3804347826086957, 0.47435897435897434, 0.1702127659574468, 0.32608695652173914, 0.26804123711340205, 0.3561643835616438, 0.2608695652173913, 0.13636363636363635, 0.2727272727272727, 0.44, 0.13636363636363635, 0.17391304347826086, 0.43243243243243246, 0.32978723404255317, 0.43478260869565216, 0.39361702127659576, 0.4065934065934066, 0.32978723404255317, 0.3409090909090909, 0.32038834951456313, 0.16666666666666666, 0.38095238095238093, 0.17391304347826086, 0.5238095238095238, 0.4791666666666667, 0.44554455445544555, 0.3173076923076923, 0.5147058823529411, 0.38144329896907214, 0.4222222222222222, 0.18269230769230768, 0.34, 0.21052631578947367, 0.18181818181818182, 0.15, 0.6326530612244898, 0.2828282828282828, 0.35, 0.2, 0.23076923076923078, 0.2, 0.17391304347826086, 0.36363636363636365, 0.48863636363636365, 0.3888888888888889, 0.39, 0.28865979381443296, 0.6043956043956044, 0.3118279569892473, 0.35106382978723405, 0.42990654205607476, 0.3163265306122449, 0.26804123711340205, 0.33980582524271846, 0.2777777777777778, 0.18181818181818182, 0.22727272727272727, 0.13043478260869565, 0.25, 0.13043478260869565, 0.3595505617977528, 0.45, 0.37623762376237624, 0.18181818181818182, 0.09090909090909091, 0.18181818181818182, 0.5277777777777778, 0.627906976744186, 0.4563106796116505, 0.38461538461538464, 0.42696629213483145, 0.2967032967032967, 0.2631578947368421, 0.4090909090909091, 0.17391304347826086, 0.23809523809523808, 0.18181818181818182, 0.22727272727272727, 0.449438202247191, 0.41836734693877553, 0.3148148148148148, 0.4777777777777778, 0.3707865168539326, 0.37735849056603776, 0.21359223300970873, 0.23809523809523808, 0.2, 0.21739130434782608, 0.38095238095238093, 0.19047619047619047, 0.45, 0.4, 0.5375, 0.49473684210526314, 0.33636363636363636, 0.29213483146067415, 0.39080459770114945, 0.14285714285714285, 0.15, 0.2727272727272727, 0.4019607843137255, 0.21568627450980393, 0.41237113402061853, 0.3904761904761905, 0.5, 0.1553398058252427, 0.3258426966292135, 0.21428571428571427, 0.3076923076923077, 0.45, 0.22727272727272727, 0.22727272727272727, 0.2608695652173913, 0.22727272727272727, 0.19047619047619047, 0.42857142857142855, 0.3698630136986301, 0.4019607843137255, 0.4230769230769231, 0.4536082474226804, 0.30927835051546393, 0.4891304347826087, 0.4807692307692308, 0.27722772277227725, 0.09523809523809523, 0.4, 0.16, 0.23809523809523808, 0.56, 0.5061728395061729, 0.39361702127659576, 0.3333333333333333, 0.28, 0.42696629213483145, 0.4, 0.35514018691588783, 0.375, 0.28, 0.3516483516483517, 0.34523809523809523, 0.23809523809523808, 0.2, 0.22727272727272727, 0.48, 0.5, 0.51, 0.46078431372549017, 0.32710280373831774, 0.3173076923076923, 0.17391304347826086, 0.17391304347826086, 0.2, 0.38095238095238093, 0.18181818181818182, 0.47619047619047616, 0.23809523809523808, 0.18181818181818182, 0.391304347826087, 0.3764705882352941, 0.3786407766990291, 0.5425531914893617, 0.16161616161616163, 0.4691358024691358, 0.3669724770642202, 0.391304347826087]
Across score percent breakdown = [0.42857142857142855, 0.2857142857142857, 0.52, 0.35, 0.3063063063063063, 0.3368421052631579, 0.28888888888888886, 0.38095238095238093, 0.23809523809523808, 0.18181818181818182, 0.15, 0.2, 0.12962962962962962, 0.2803738317757009, 0.21739130434782608, 0.4090909090909091, 0.2755102040816326, 0.3404255319148936, 0.21568627450980393, 0.3804347826086957, 0.24358974358974358, 0.21739130434782608, 0.22727272727272727, 0.38095238095238093, 0.21818181818181817, 0.34951456310679613, 0.36363636363636365, 0.27722772277227725, 0.45054945054945056, 0.21739130434782608, 0.25, 0.2727272727272727, 0.3111111111111111, 0.36363636363636365, 0.29473684210526313, 0.2916666666666667, 0.3411764705882353, 0.22727272727272727, 0.22727272727272727, 0.25, 0.5392156862745098, 0.24752475247524752, 0.3684210526315789, 0.21739130434782608, 0.2727272727272727, 0.4056603773584906, 0.3181818181818182, 0.14285714285714285, 0.4, 0.25, 0.15384615384615385, 0.16494845360824742, 0.2777777777777778, 0.3974358974358974, 0.25, 0.09523809523809523, 0.19047619047619047, 0.36363636363636365, 0.36363636363636365, 0.25471698113207547, 0.3431372549019608, 0.3368421052631579, 0.27722772277227725, 0.375, 0.38095238095238093, 0.38095238095238093, 0.25, 0.2631578947368421, 0.41904761904761906, 0.3644859813084112, 0.21739130434782608, 0.4578313253012048, 0.28125, 0.34408602150537637, 0.18181818181818182, 0.2, 0.15, 0.2815533980582524, 0.4945054945054945, 0.2159090909090909, 0.4090909090909091, 0.3181818181818182, 0.21052631578947367, 0.40425531914893614, 0.30434782608695654, 0.3076923076923077, 0.2736842105263158]
