Total side score = 642
Average side score = 3.34375
Side score breakdown = [2, 3, 2, 4, 4, 4, 4, 4, 4, 4, 3, 4, 4, 1, 4, 4, 2, 4, 4, 3, 4, 4, 4, 4, 4, 4, 3, 4, 2, 2, 2, 4, 2, 4, 4, 4, 3, 4, 2, 4, 3, 4, 4, 2, 4, 2, 4, 4, 4, 4, 4, 4, 3, 4, 2, 3, 2, 4, 4, 4, 4, 4, 4, 3, 4, 4, 4, 4, 3, 2, 1, 2, 2, 2, 4, 4, 4, 3, 4, 4, 2, 4, 3, 1, 1, 3, 4, 4, 4, 4, 4, 4, 4, 4, 4, 4, 2, 2, 4, 4, 4, 4, 4, 2, 4, 4, 4, 4, 3, 2, 4, 4, 4, 4, 4, 4, 4, 1, 4, 4, 3, 2, 2, 2, 4, 3, 4, 4, 3, 4, 2, 2, 4, 3, 4, 4, 4, 4, 4, 4, 4, 4, 4, 1, 2, 4, 4, 1, 2, 2, 2, 4, 4, 4, 4, 3, 4, 4, 4, 4, 2, 2, 2, 1, 2, 3, 3, 4, 4, 3, 4, 4, 4, 3, 4, 4, 4, 4, 4, 4, 3, 2, 4, 3, 2, 4, 4, 4, 4, 2, 3, 2]

Total across score = 426
Average across score = 3.38095238095
Across score breakdown = [4, 1, 3, 4, 4, 2, 4, 3, 3, 4, 1, 4, 4, 4, 4, 3, 4, 4, 3, 4, 3, 1, 3, 2, 4, 4, 3, 4, 3, 4, 2, 4, 4, 4, 4, 4, 4, 3, 4, 3, 4, 3, 4, 4, 4, 4, 3, 4, 4, 1, 4, 4, 4, 4, 4, 4, 4, 3, 1, 1, 2, 4, 4, 3, 4, 3, 2, 3, 3, 4, 2, 2, 4, 4, 4, 3, 4, 3, 3, 4, 3, 3, 4, 4, 4, 2, 4, 3, 3, 4, 4, 3, 3, 1, 4, 4, 4, 4, 4, 3, 4, 4, 4, 4, 4, 4, 4, 1, 4, 4, 4, 3, 4, 3, 3, 2, 4, 2, 3, 4, 4, 3, 4, 4, 4, 3]

Side score avg percent = 0.348553519205
Across score avg percent = 0.368298350381
Side score percent breakdown = [0.16666666666666666, 0.17391304347826086, 0.16666666666666666, 0.42857142857142855, 0.4880952380952381, 0.5681818181818182, 0.45, 0.3979591836734694, 0.44155844155844154, 0.3523809523809524, 0.3063063063063063, 0.3368421052631579, 0.38095238095238093, 0.13636363636363635, 0.44, 0.47619047619047616, 0.13636363636363635, 0.3924050632911392, 0.39361702127659576, 0.3103448275862069, 0.6153846153846154, 0.36666666666666664, 0.5, 0.4, 0.4146341463414634, 0.3409090909090909, 0.06493506493506493, 0.36363636363636365, 0.2631578947368421, 0.17391304347826086, 0.18181818181818182, 0.4090909090909091, 0.18181818181818182, 0.46875, 0.39325842696629215, 0.42857142857142855, 0.3404255319148936, 0.4222222222222222, 0.3111111111111111, 0.3804347826086957, 0.2727272727272727, 0.4090909090909091, 0.5, 0.17391304347826086, 0.44, 0.19047619047619047, 0.776595744680851, 0.44329896907216493, 0.5277777777777778, 0.375, 0.3411764705882353, 0.45555555555555555, 0.3137254901960784, 0.34951456310679613, 0.2, 0.2857142857142857, 0.16, 0.391304347826087, 0.48863636363636365, 0.4731182795698925, 0.37894736842105264, 0.30097087378640774, 0.4875, 0.38461538461538464, 0.42990654205607476, 0.330188679245283, 0.45054945054945056, 0.37, 0.26804123711340205, 0.18181818181818182, 0.13043478260869565, 0.18181818181818182, 0.18181818181818182, 0.13043478260869565, 0.3111111111111111, 0.38823529411764707, 0.6235294117647059, 0.36363636363636365, 0.5434782608695652, 0.5147058823529411, 0.35555555555555557, 0.37623762376237624, 0.3411764705882353, 0.05, 0.13043478260869565, 0.2631578947368421, 0.3488372093023256, 0.49504950495049505, 0.3434343434343434, 0.4605263157894737, 0.41414141414141414, 0.45161290322580644, 0.4810126582278481, 0.4482758620689655, 0.38461538461538464, 0.4090909090909091, 0.14285714285714285, 0.25, 0.449438202247191, 0.3723404255319149, 0.41836734693877553, 0.3548387096774194, 0.4423076923076923, 0.2524271844660194, 0.43478260869565216, 0.37735849056603776, 0.4, 0.3684210526315789, 0.06578947368421052, 0.18181818181818182, 0.49473684210526314, 0.4368932038834951, 0.43820224719101125, 0.4, 0.37, 0.4523809523809524, 0.37777777777777777, 0.19047619047619047, 0.391304347826087, 0.4, 0.25, 0.2631578947368421, 0.15384615384615385, 0.16494845360824742, 0.4536082474226804, 0.4, 0.3173076923076923, 0.42391304347826086, 0.3904761904761905, 0.3974358974358974, 0.25, 0.3258426966292135, 0.4090909090909091, 0.22727272727272727, 0.36363636363636365, 0.3711340206185567, 0.4019607843137255, 0.45161290322580644, 0.569620253164557, 0.25471698113207547, 0.4117647058823529, 0.30927835051546393, 0.3258426966292135, 0.17475728155339806, 0.2967032967032967, 0.40425531914893614, 0.4, 0.19047619047619047, 0.16, 0.18181818181818182, 0.13636363636363635, 0.44, 0.5096153846153846, 0.5, 0.41346153846153844, 0.3644859813084112, 0.35514018691588783, 0.42105263157894735, 0.375, 0.25225225225225223, 0.2708333333333333, 0.18181818181818182, 0.2, 0.15, 0.21739130434782608, 0.2608695652173913, 0.2608695652173913, 0.32978723404255317, 0.40217391304347827, 0.30851063829787234, 0.5913978494623656, 0.48936170212765956, 0.39080459770114945, 0.3917525773195876, 0.4945054945054945, 0.336734693877551, 0.46078431372549017, 0.4186046511627907, 0.32710280373831774, 0.37373737373737376, 0.2631578947368421, 0.2, 0.42105263157894735, 0.3181818181818182, 0.18181818181818182, 0.391304347826087, 0.3786407766990291, 0.40625, 0.4691358024691358, 0.2736842105263158, 0.3563218390804598, 0.24468085106382978]
Across score percent breakdown = [0.52, 0.19047619047619047, 0.34285714285714286, 0.5454545454545454, 0.4421052631578947, 0.16346153846153846, 0.47435897435897434, 0.32608695652173914, 0.26804123711340205, 0.3181818181818182, 0.05263157894736842, 0.5, 0.4479166666666667, 0.38738738738738737, 0.422680412371134, 0.3761467889908257, 0.43478260869565216, 0.4742268041237113, 0.31521739130434784, 0.39361702127659576, 0.4065934065934066, 0.1836734693877551, 0.32038834951456313, 0.21495327102803738, 0.41237113402061853, 0.4666666666666667, 0.3333333333333333, 0.5147058823529411, 0.34, 0.3181818181818182, 0.21052631578947367, 0.4583333333333333, 0.6326530612244898, 0.47191011235955055, 0.35, 0.43010752688172044, 0.38738738738738737, 0.32038834951456313, 0.36363636363636365, 0.23076923076923078, 0.30434782608695654, 0.2857142857142857, 0.46511627906976744, 0.37373737373737376, 0.39, 0.3783783783783784, 0.25252525252525254, 0.47435897435897434, 0.33980582524271846, 0.08695652173913043, 0.4090909090909091, 0.4339622641509434, 0.5512820512820513, 0.4666666666666667, 0.5638297872340425, 0.38961038961038963, 0.29411764705882354, 0.22727272727272727, 0.13636363636363635, 0.18181818181818182, 0.13636363636363635, 0.627906976744186, 0.3978494623655914, 0.36, 0.575, 0.33663366336633666, 0.20952380952380953, 0.37209302325581395, 0.3218390804597701, 0.42696629213483145, 0.24489795918367346, 0.2, 0.4777777777777778, 0.5324675324675324, 0.3707865168539326, 0.33, 0.36363636363636365, 0.2608695652173913, 0.2857142857142857, 0.4174757281553398, 0.3157894736842105, 0.29213483146067415, 0.43902439024390244, 0.39080459770114945, 0.4782608695652174, 0.2, 0.43478260869565216, 0.30952380952380953, 0.3333333333333333, 0.5, 0.42, 0.32323232323232326, 0.17391304347826086, 0.08333333333333333, 0.42857142857142855, 0.6559139784946236, 0.5294117647058824, 0.4891304347826087, 0.4807692307692308, 0.31958762886597936, 0.5061728395061729, 0.5154639175257731, 0.34523809523809523, 0.42696629213483145, 0.4, 0.36363636363636365, 0.43478260869565216, 0.13043478260869565, 0.4090909090909091, 0.6395348837209303, 0.4673913043478261, 0.3119266055045872, 0.4431818181818182, 0.35106382978723405, 0.3173076923076923, 0.17391304347826086, 0.3333333333333333, 0.23809523809523808, 0.2727272727272727, 0.5425531914893617, 0.4823529411764706, 0.32673267326732675, 0.3956043956043956, 0.391304347826087, 0.27884615384615385, 0.29545454545454547]
