Total side score = 540
Average side score = 2.9347826087
Side score breakdown = [3, 1, 1, 3, 2, 3, 2, 4, 4, 4, 4, 3, 4, 1, 1, 2, 3, 1, 2, 4, 2, 2, 3, 4, 4, 3, 4, 2, 2, 4, 2, 3, 3, 2, 3, 3, 2, 4, 3, 2, 2, 4, 4, 2, 4, 4, 4, 4, 2, 4, 1, 1, 3, 3, 2, 1, 4, 2, 2, 3, 4, 4, 4, 4, 4, 3, 3, 2, 2, 4, 1, 2, 1, 3, 4, 4, 2, 4, 4, 4, 4, 1, 3, 3, 2, 2, 2, 4, 3, 4, 3, 4, 4, 4, 3, 3, 3, 3, 3, 2, 4, 4, 1, 4, 3, 3, 2, 3, 4, 4, 3, 4, 3, 4, 2, 4, 1, 2, 3, 2, 2, 2, 4, 4, 4, 4, 3, 4, 4, 4, 1, 3, 2, 4, 2, 2, 4, 3, 4, 4, 1, 3, 4, 2, 2, 4, 4, 2, 2, 3, 3, 4, 4, 4, 4, 2, 4, 3, 2, 3, 3, 4, 4, 3, 3, 2, 4, 1, 3, 1, 4, 4, 4, 2, 2, 2, 3, 3, 4, 3, 2, 3, 3, 1]

Total across score = 357
Average across score = 3.5
Across score breakdown = [3, 4, 4, 4, 4, 4, 4, 3, 3, 3, 4, 4, 4, 4, 4, 4, 4, 2, 4, 4, 4, 4, 4, 4, 4, 3, 4, 2, 4, 4, 4, 4, 4, 3, 4, 4, 4, 4, 4, 1, 2, 4, 4, 4, 4, 1, 3, 4, 4, 4, 4, 4, 4, 3, 4, 4, 4, 4, 4, 4, 4, 4, 4, 4, 2, 1, 4, 4, 1, 4, 4, 4, 4, 2, 2, 2, 3, 4, 3, 4, 4, 4, 4, 2, 3, 4, 4, 2, 4, 4, 3, 4, 4, 4, 4, 1, 2, 1, 4, 3, 4, 4]

Side score avg percent = 0.293962461552
Across score avg percent = 0.348222368799
Side score percent breakdown = [0.23809523809523808, 0.18181818181818182, 0.13636363636363635, 0.21739130434782608, 0.1, 0.2857142857142857, 0.16666666666666666, 0.4166666666666667, 0.5555555555555556, 0.35, 0.4421052631578947, 0.28888888888888886, 0.3181818181818182, 0.13043478260869565, 0.14285714285714285, 0.18181818181818182, 0.22727272727272727, 0.05263157894736842, 0.17391304347826086, 0.44, 0.2, 0.19047619047619047, 0.43243243243243246, 0.38738738738738737, 0.3137254901960784, 0.36893203883495146, 0.2826086956521739, 0.21495327102803738, 0.17391304347826086, 0.4090909090909091, 0.2755102040816326, 0.3627450980392157, 0.2978723404255319, 0.3111111111111111, 0.34, 0.2857142857142857, 0.21739130434782608, 0.4090909090909091, 0.21739130434782608, 0.17391304347826086, 0.16666666666666666, 0.36363636363636365, 0.4583333333333333, 0.23809523809523808, 0.776595744680851, 0.3404255319148936, 0.3723404255319149, 0.3411764705882353, 0.21212121212121213, 0.43010752688172044, 0.19387755102040816, 0.20202020202020202, 0.28421052631578947, 0.23809523809523808, 0.23809523809523808, 0.13043478260869565, 0.30434782608695654, 0.23809523809523808, 0.17391304347826086, 0.2857142857142857, 0.36363636363636365, 0.5301204819277109, 0.3902439024390244, 0.46511627906976744, 0.38372093023255816, 0.28865979381443296, 0.27722772277227725, 0.18181818181818182, 0.18181818181818182, 0.47368421052631576, 0.09523809523809523, 0.22727272727272727, 0.08695652173913043, 0.22727272727272727, 0.2727272727272727, 0.4090909090909091, 0.2, 0.4805194805194805, 0.4666666666666667, 0.5180722891566265, 0.29411764705882354, 0.18446601941747573, 0.22727272727272727, 0.22727272727272727, 0.13636363636363635, 0.19047619047619047, 0.13636363636363635, 0.42857142857142855, 0.25, 0.42857142857142855, 0.25, 0.5277777777777778, 0.3978494623655914, 0.36633663366336633, 0.36, 0.2903225806451613, 0.2903225806451613, 0.3218390804597701, 0.2857142857142857, 0.25, 0.36082474226804123, 0.36363636363636365, 0.19801980198019803, 0.36363636363636365, 0.21739130434782608, 0.2, 0.19047619047619047, 0.2857142857142857, 0.5375, 0.4174757281553398, 0.40789473684210525, 0.32967032967032966, 0.29213483146067415, 0.3181818181818182, 0.25, 0.35, 0.14285714285714285, 0.25, 0.16, 0.2631578947368421, 0.19047619047619047, 0.19047619047619047, 0.34, 0.28431372549019607, 0.3645833333333333, 0.3069306930693069, 0.32323232323232326, 0.4090909090909091, 0.36363636363636365, 0.36363636363636365, 0.08333333333333333, 0.22727272727272727, 0.19047619047619047, 0.4166666666666667, 0.19047619047619047, 0.18181818181818182, 0.3431372549019608, 0.37623762376237624, 0.42201834862385323, 0.3258426966292135, 0.17475728155339806, 0.35106382978723405, 0.375, 0.23809523809523808, 0.16666666666666666, 0.38095238095238093, 0.391304347826087, 0.22727272727272727, 0.18181818181818182, 0.25, 0.2631578947368421, 0.56, 0.5154639175257731, 0.32967032967032966, 0.45977011494252873, 0.21238938053097345, 0.29896907216494845, 0.2727272727272727, 0.2708333333333333, 0.23809523809523808, 0.20833333333333334, 0.4090909090909091, 0.48, 0.2912621359223301, 0.3119266055045872, 0.2159090909090909, 0.4186046511627907, 0.14432989690721648, 0.3173076923076923, 0.19801980198019803, 0.3333333333333333, 0.38095238095238093, 0.42105263157894735, 0.23809523809523808, 0.125, 0.25, 0.34545454545454546, 0.2696629213483146, 0.27884615384615385, 0.26262626262626265, 0.2736842105263158, 0.29545454545454547, 0.2604166666666667, 0.14705882352941177]
Across score percent breakdown = [0.22727272727272727, 0.4880952380952381, 0.4520547945205479, 0.3854166666666667, 0.47706422018348627, 0.4318181818181818, 0.4, 0.25263157894736843, 0.22727272727272727, 0.25, 0.3924050632911392, 0.5, 0.4, 0.29411764705882354, 0.32978723404255317, 0.3409090909090909, 0.42857142857142855, 0.18181818181818182, 0.38095238095238093, 0.4090909090909091, 0.5238095238095238, 0.46875, 0.39325842696629215, 0.4230769230769231, 0.38144329896907214, 0.2727272727272727, 0.44329896907216493, 0.24, 0.36363636363636365, 0.38095238095238093, 0.48863636363636365, 0.3888888888888889, 0.30097087378640774, 0.3118279569892473, 0.3979591836734694, 0.3563218390804598, 0.35106382978723405, 0.330188679245283, 0.37, 0.2, 0.18181818181818182, 0.38823529411764707, 0.5147058823529411, 0.41509433962264153, 0.45, 0.05, 0.2631578947368421, 0.49504950495049505, 0.30612244897959184, 0.5263157894736842, 0.37254901960784315, 0.4810126582278481, 0.4563106796116505, 0.25, 0.3181818181818182, 0.449438202247191, 0.3723404255319149, 0.38461538461538464, 0.3548387096774194, 0.5222222222222223, 0.36538461538461536, 0.3148148148148148, 0.43478260869565216, 0.4, 0.21875, 0.15, 0.3333333333333333, 0.26851851851851855, 0.14285714285714285, 0.391304347826087, 0.4536082474226804, 0.3173076923076923, 0.4019607843137255, 0.21568627450980393, 0.2079207920792079, 0.3258426966292135, 0.22727272727272727, 0.42857142857142855, 0.2608695652173913, 0.4019607843137255, 0.45161290322580644, 0.3617021276595745, 0.30927835051546393, 0.2967032967032967, 0.2777777777777778, 0.3111111111111111, 0.4, 0.16, 0.44, 0.41935483870967744, 0.30392156862745096, 0.28, 0.36666666666666664, 0.51, 0.336734693877551, 0.17391304347826086, 0.18181818181818182, 0.13636363636363635, 0.2727272727272727, 0.3764705882352941, 0.34285714285714286, 0.36082474226804123]
