Total side score = 615
Average side score = 3.45505617978
Side score breakdown = [1, 4, 4, 4, 4, 4, 4, 4, 2, 4, 4, 4, 4, 4, 4, 3, 4, 2, 3, 2, 4, 2, 4, 4, 1, 4, 4, 4, 4, 3, 4, 4, 1, 4, 2, 3, 2, 4, 2, 4, 4, 4, 4, 4, 4, 4, 4, 4, 4, 4, 1, 4, 4, 2, 1, 1, 4, 4, 4, 4, 4, 4, 4, 4, 4, 4, 4, 4, 1, 2, 3, 2, 4, 4, 4, 4, 4, 4, 4, 4, 4, 3, 4, 4, 3, 3, 4, 4, 4, 4, 4, 4, 4, 3, 2, 4, 4, 4, 4, 4, 4, 4, 4, 4, 4, 4, 1, 2, 2, 1, 4, 4, 4, 1, 3, 4, 2, 2, 4, 4, 4, 4, 4, 4, 2, 2, 2, 3, 4, 1, 4, 3, 4, 2, 3, 4, 4, 4, 4, 4, 4, 4, 2, 4, 2, 4, 4, 3, 4, 4, 4, 4, 4, 4, 4, 4, 4, 4, 4, 4, 4, 3, 4, 4, 4, 3, 4, 2, 3, 3, 3, 4, 4, 4, 4, 4, 4, 3]

Total across score = 261
Average across score = 3.07058823529
Across score breakdown = [4, 1, 4, 1, 3, 3, 2, 4, 3, 3, 3, 3, 1, 3, 1, 4, 3, 3, 4, 4, 4, 3, 4, 4, 4, 3, 3, 2, 2, 3, 4, 2, 3, 3, 2, 3, 3, 4, 3, 3, 2, 3, 2, 4, 3, 3, 2, 3, 2, 2, 4, 3, 3, 4, 3, 3, 3, 4, 3, 3, 4, 3, 4, 3, 3, 3, 4, 3, 2, 4, 4, 3, 3, 4, 4, 4, 4, 3, 3, 3, 3, 3, 3, 3, 3]

Side score avg percent = 0.37065547928
Across score avg percent = 0.325265410964
Side score percent breakdown = [0.18181818181818182, 0.42857142857142855, 0.52, 0.5454545454545454, 0.35, 0.4421052631578947, 0.5681818181818182, 0.4482758620689655, 0.16346153846153846, 0.44155844155844154, 0.45794392523364486, 0.3854166666666667, 0.4318181818181818, 0.3804347826086957, 0.4, 0.25263157894736843, 0.3181818181818182, 0.18181818181818182, 0.25, 0.2, 0.5, 0.18181818181818182, 0.4479166666666667, 0.38738738738738737, 0.12962962962962962, 0.4827586206896552, 0.3490566037735849, 0.3137254901960784, 0.4742268041237113, 0.31521739130434784, 0.4, 0.2803738317757009, 0.1836734693877551, 0.36363636363636365, 0.22727272727272727, 0.2727272727272727, 0.21739130434782608, 0.4791666666666667, 0.2755102040816326, 0.4666666666666667, 0.44554455445544555, 0.4230769230769231, 0.3181818181818182, 0.38095238095238093, 0.6326530612244898, 0.5205479452054794, 0.47191011235955055, 0.3723404255319149, 0.35, 0.38738738738738737, 0.20202020202020202, 0.42857142857142855, 0.36363636363636365, 0.18181818181818182, 0.10526315789473684, 0.13043478260869565, 0.36363636363636365, 0.391304347826087, 0.3902439024390244, 0.46511627906976744, 0.37373737373737376, 0.4875, 0.6043956043956044, 0.3783783783783784, 0.3979591836734694, 0.47435897435897434, 0.3563218390804598, 0.35106382978723405, 0.2, 0.21739130434782608, 0.22727272727272727, 0.14814814814814814, 0.4339622641509434, 0.5512820512820513, 0.4666666666666667, 0.5434782608695652, 0.5147058823529411, 0.41509433962264153, 0.5180722891566265, 0.5638297872340425, 0.38961038961038963, 0.2916666666666667, 0.4166666666666667, 0.30927835051546393, 0.22727272727272727, 0.25, 0.627906976744186, 0.3978494623655914, 0.5392156862745098, 0.5, 0.5263157894736842, 0.45161290322580644, 0.575, 0.33663366336633666, 0.20952380952380953, 0.2708333333333333, 0.44, 0.3181818181818182, 0.5222222222222223, 0.44086021505376344, 0.4, 0.36363636363636365, 0.36538461538461536, 0.5056179775280899, 0.5324675324675324, 0.3707865168539326, 0.19801980198019803, 0.21875, 0.17391304347826086, 0.15, 0.4174757281553398, 0.4523809523809524, 0.43902439024390244, 0.19047619047619047, 0.23809523809523808, 0.391304347826087, 0.2, 0.19047619047619047, 0.4631578947368421, 0.4019607843137255, 0.41237113402061853, 0.40860215053763443, 0.42, 0.3645833333333333, 0.2079207920792079, 0.21428571428571427, 0.25806451612903225, 0.06578947368421052, 0.45, 0.09523809523809523, 0.42857142857142855, 0.2608695652173913, 0.36363636363636365, 0.2, 0.3698630136986301, 0.6559139784946236, 0.5542168674698795, 0.4536082474226804, 0.3431372549019608, 0.3431372549019608, 0.5294117647058824, 0.42201834862385323, 0.2967032967032967, 0.37254901960784315, 0.22448979591836735, 0.375, 0.3333333333333333, 0.16666666666666666, 0.5061728395061729, 0.41935483870967744, 0.5154639175257731, 0.34523809523809523, 0.41904761904761906, 0.39361702127659576, 0.4, 0.4578313253012048, 0.42528735632183906, 0.34408602150537637, 0.36363636363636365, 0.6395348837209303, 0.4673913043478261, 0.3163265306122449, 0.5, 0.4431818181818182, 0.37037037037037035, 0.17391304347826086, 0.47619047619047616, 0.23809523809523808, 0.2727272727272727, 0.3181818181818182, 0.3764705882352941, 0.5425531914893617, 0.4823529411764706, 0.40425531914893614, 0.3956043956043956, 0.36082474226804123, 0.3669724770642202, 0.30434782608695654]
Across score percent breakdown = [0.2857142857142857, 0.09523809523809523, 0.5555555555555556, 0.1702127659574468, 0.3561643835616438, 0.2727272727272727, 0.17391304347826086, 0.44, 0.43243243243243246, 0.3103448275862069, 0.4, 0.36893203883495146, 0.19387755102040816, 0.25, 0.16666666666666666, 0.47474747474747475, 0.3627450980392157, 0.35443037974683544, 0.44, 0.36363636363636365, 0.776595744680851, 0.2828282828282828, 0.45555555555555555, 0.32407407407407407, 0.2857142857142857, 0.3137254901960784, 0.23809523809523808, 0.23809523809523808, 0.17391304347826086, 0.31313131313131315, 0.38372093023255816, 0.20754716981132076, 0.26804123711340205, 0.2777777777777778, 0.22727272727272727, 0.26804123711340205, 0.22727272727272727, 0.33695652173913043, 0.2903225806451613, 0.2967032967032967, 0.22727272727272727, 0.2857142857142857, 0.13043478260869565, 0.5, 0.4, 0.34782608695652173, 0.23300970873786409, 0.18181818181818182, 0.18181818181818182, 0.17391304347826086, 0.5375, 0.40789473684210525, 0.2727272727272727, 0.47619047619047616, 0.16, 0.4, 0.3904761904761905, 0.34, 0.2988505747126437, 0.3076923076923077, 0.4090909090909091, 0.22727272727272727, 0.4166666666666667, 0.4230769230769231, 0.37623762376237624, 0.35106382978723405, 0.3333333333333333, 0.21052631578947367, 0.22727272727272727, 0.5096153846153846, 0.45977011494252873, 0.3333333333333333, 0.3870967741935484, 0.35514018691588783, 0.3516483516483517, 0.25225225225225223, 0.48, 0.33, 0.3917525773195876, 0.2631578947368421, 0.34545454545454546, 0.42857142857142855, 0.26262626262626265, 0.3563218390804598, 0.2604166666666667]
