Total side score = 510
Average side score = 2.91428571429
Side score breakdown = [1, 3, 3, 4, 1, 3, 1, 1, 1, 2, 1, 2, 1, 3, 2, 3, 3, 4, 1, 3, 4, 3, 4, 3, 4, 4, 3, 1, 3, 3, 4, 4, 3, 2, 3, 1, 1, 3, 1, 4, 1, 4, 4, 4, 3, 4, 4, 4, 1, 2, 4, 3, 1, 4, 4, 3, 3, 3, 3, 4, 2, 2, 1, 1, 3, 3, 1, 4, 3, 4, 3, 3, 4, 4, 1, 4, 1, 1, 2, 1, 3, 3, 4, 4, 4, 4, 4, 4, 4, 2, 2, 3, 3, 2, 4, 4, 3, 2, 4, 4, 2, 3, 1, 3, 4, 1, 3, 3, 3, 4, 4, 4, 3, 3, 4, 4, 1, 2, 3, 4, 3, 3, 4, 4, 2, 4, 2, 4, 3, 4, 3, 3, 3, 3, 2, 4, 4, 4, 4, 3, 3, 2, 3, 4, 3, 4, 3, 3, 4, 4, 3, 4, 2, 4, 4, 4, 2, 1, 3, 3, 4, 3, 3, 3, 4, 1, 2, 3, 2, 4, 3, 4, 4, 2, 1]

Total across score = 259
Average across score = 2.75531914894
Across score breakdown = [1, 2, 3, 2, 4, 3, 4, 2, 2, 2, 2, 2, 4, 3, 2, 2, 2, 2, 4, 3, 3, 3, 2, 2, 2, 3, 3, 2, 2, 4, 4, 1, 2, 2, 2, 4, 2, 1, 4, 4, 4, 4, 4, 3, 2, 2, 2, 2, 4, 4, 2, 2, 2, 4, 2, 2, 2, 2, 4, 4, 4, 3, 4, 4, 1, 4, 3, 2, 2, 2, 4, 2, 2, 3, 2, 2, 4, 4, 4, 4, 2, 2, 2, 4, 4, 4, 1, 2, 4, 2, 2, 2, 4, 4]

Side score avg percent = 0.286553860172
Across score avg percent = 0.26450849531
Side score percent breakdown = [0.19047619047619047, 0.21739130434782608, 0.2857142857142857, 0.2857142857142857, 0.15789473684210525, 0.22727272727272727, 0.09523809523809523, 0.1702127659574468, 0.1782178217821782, 0.23809523809523808, 0.14285714285714285, 0.18181818181818182, 0.14285714285714285, 0.2727272727272727, 0.18181818181818182, 0.22727272727272727, 0.25, 0.422680412371134, 0.12962962962962962, 0.3103448275862069, 0.32978723404255317, 0.4, 0.39361702127659576, 0.4065934065934066, 0.2803738317757009, 0.29411764705882354, 0.32038834951456313, 0.18181818181818182, 0.25, 0.2727272727272727, 0.4090909090909091, 0.47474747474747475, 0.3173076923076923, 0.18269230769230768, 0.35443037974683544, 0.16, 0.24358974358974358, 0.2, 0.15, 0.36363636363636365, 0.13636363636363635, 0.5277777777777778, 0.3404255319148936, 0.5205479452054794, 0.2828282828282828, 0.43010752688172044, 0.32407407407407407, 0.38738738738738737, 0.19387755102040816, 0.21818181818181817, 0.36363636363636365, 0.23076923076923078, 0.13043478260869565, 0.38095238095238093, 0.38372093023255816, 0.3047619047619048, 0.25252525252525254, 0.3118279569892473, 0.27722772277227725, 0.330188679245283, 0.20754716981132076, 0.14814814814814814, 0.09523809523809523, 0.08695652173913043, 0.25, 0.22727272727272727, 0.13043478260869565, 0.6235294117647059, 0.36363636363636365, 0.3595505617977528, 0.29473684210526313, 0.26804123711340205, 0.38961038961038963, 0.32989690721649484, 0.18446601941747573, 0.30927835051546393, 0.09090909090909091, 0.05, 0.22727272727272727, 0.13636363636363635, 0.2631578947368421, 0.22727272727272727, 0.5392156862745098, 0.5, 0.5263157894736842, 0.33695652173913043, 0.3838383838383838, 0.3804347826086957, 0.42696629213483145, 0.24489795918367346, 0.22727272727272727, 0.22727272727272727, 0.23809523809523808, 0.13043478260869565, 0.33, 0.3548387096774194, 0.4, 0.2524271844660194, 0.5056179775280899, 0.3684210526315789, 0.23300970873786409, 0.06578947368421052, 0.15, 0.18181818181818182, 0.38095238095238093, 0.10526315789473684, 0.2727272727272727, 0.2608695652173913, 0.2857142857142857, 0.4368932038834951, 0.43820224719101125, 0.4056603773584906, 0.40789473684210525, 0.3157894736842105, 0.43902439024390244, 0.26851851851851855, 0.14285714285714285, 0.22727272727272727, 0.23809523809523808, 0.2916666666666667, 0.2727272727272727, 0.30952380952380953, 0.3173076923076923, 0.4631578947368421, 0.1935483870967742, 0.40860215053763443, 0.1553398058252427, 0.31313131313131315, 0.3076923076923077, 0.4090909090909091, 0.17391304347826086, 0.22727272727272727, 0.2608695652173913, 0.2608695652173913, 0.18181818181818182, 0.569620253164557, 0.25471698113207547, 0.5542168674698795, 0.3431372549019608, 0.37623762376237624, 0.3368421052631579, 0.21568627450980393, 0.2777777777777778, 0.297029702970297, 0.27722772277227725, 0.38095238095238093, 0.21052631578947367, 0.25, 0.34523809523809523, 0.5, 0.30392156862745096, 0.41904761904761906, 0.21739130434782608, 0.28, 0.28125, 0.34523809523809523, 0.18181818181818182, 0.125, 0.22727272727272727, 0.2608695652173913, 0.40217391304347827, 0.2912621359223301, 0.2815533980582524, 0.33, 0.37037037037037035, 0.13636363636363635, 0.25, 0.21052631578947367, 0.16161616161616163, 0.34285714285714286, 0.2696629213483146, 0.40425531914893614, 0.3956043956043956, 0.26262626262626265, 0.14705882352941177]
Across score percent breakdown = [0.13636363636363635, 0.16666666666666666, 0.17391304347826086, 0.16666666666666666, 0.4482758620689655, 0.2912621359223301, 0.44, 0.2, 0.13636363636363635, 0.17391304347826086, 0.19047619047619047, 0.18181818181818182, 0.2826086956521739, 0.06493506493506493, 0.2631578947368421, 0.17391304347826086, 0.18181818181818182, 0.19047619047619047, 0.4222222222222222, 0.2978723404255319, 0.2857142857142857, 0.21739130434782608, 0.16666666666666666, 0.19047619047619047, 0.25, 0.28421052631578947, 0.2857142857142857, 0.16, 0.10526315789473684, 0.4731182795698925, 0.42990654205607476, 0.13043478260869565, 0.18181818181818182, 0.13043478260869565, 0.2, 0.4805194805194805, 0.13636363636363635, 0.13043478260869565, 0.5277777777777778, 0.4605263157894737, 0.36633663366336633, 0.4482758620689655, 0.38461538461538464, 0.2903225806451613, 0.18181818181818182, 0.14285714285714285, 0.25, 0.14285714285714285, 0.30927835051546393, 0.37735849056603776, 0.17391304347826086, 0.21739130434782608, 0.19047619047619047, 0.37, 0.25, 0.19047619047619047, 0.19047619047619047, 0.15, 0.28431372549019607, 0.3069306930693069, 0.34782608695652173, 0.3698630136986301, 0.3431372549019608, 0.3258426966292135, 0.17475728155339806, 0.40425531914893614, 0.27722772277227725, 0.22448979591836735, 0.23809523809523808, 0.16666666666666666, 0.3333333333333333, 0.18181818181818182, 0.18181818181818182, 0.16666666666666666, 0.13636363636363635, 0.23809523809523808, 0.39361702127659576, 0.42105263157894735, 0.375, 0.42528735632183906, 0.2708333333333333, 0.2, 0.21739130434782608, 0.46078431372549017, 0.4186046511627907, 0.32710280373831774, 0.19801980198019803, 0.2, 0.47619047619047616, 0.23809523809523808, 0.125, 0.18181818181818182, 0.391304347826087, 0.40625]
