Total side score = 461
Average side score = 2.91772151899
Side score breakdown = [2, 4, 4, 2, 4, 4, 3, 3, 3, 3, 3, 4, 3, 1, 3, 3, 4, 2, 2, 2, 4, 3, 4, 4, 3, 4, 4, 4, 2, 1, 2, 1, 2, 2, 2, 4, 3, 4, 2, 4, 3, 1, 4, 4, 2, 3, 2, 3, 4, 3, 2, 1, 2, 3, 4, 2, 4, 3, 4, 4, 4, 1, 4, 3, 4, 2, 4, 3, 3, 2, 2, 1, 4, 4, 3, 4, 3, 3, 3, 2, 2, 3, 2, 2, 4, 4, 4, 4, 3, 2, 3, 2, 4, 1, 2, 4, 4, 1, 4, 4, 4, 4, 2, 4, 2, 3, 2, 4, 2, 4, 3, 3, 4, 4, 1, 1, 4, 4, 2, 2, 4, 4, 3, 3, 3, 4, 2, 2, 3, 2, 4, 4, 3, 3, 4, 4, 2, 1, 1, 1, 4, 4, 4, 3, 3, 3, 3, 2, 1, 1, 4, 1, 4, 3, 3, 3, 3, 2]

Total across score = 267
Average across score = 3.2962962963
Across score breakdown = [2, 4, 4, 4, 1, 4, 2, 4, 4, 4, 2, 2, 4, 2, 1, 2, 4, 4, 4, 4, 4, 4, 3, 2, 2, 4, 1, 2, 4, 4, 4, 4, 3, 4, 4, 4, 4, 2, 4, 3, 3, 4, 4, 4, 2, 4, 1, 3, 3, 4, 4, 4, 4, 4, 4, 4, 4, 3, 4, 4, 2, 4, 3, 3, 2, 4, 4, 4, 1, 4, 3, 3, 4, 3, 3, 4, 4, 1, 4, 4, 4]

Side score avg percent = 0.302247661676
Across score avg percent = 0.322909373175
Side score percent breakdown = [0.16666666666666666, 0.2857142857142857, 0.4166666666666667, 0.16346153846153846, 0.45, 0.3979591836734694, 0.32608695652173914, 0.26804123711340205, 0.3561643835616438, 0.3063063063063063, 0.25263157894736843, 0.3368421052631579, 0.28888888888888886, 0.15, 0.22727272727272727, 0.22727272727272727, 0.5, 0.17391304347826086, 0.19047619047619047, 0.18181818181818182, 0.6153846153846154, 0.3761467889908257, 0.4827586206896552, 0.3490566037735849, 0.4, 0.29411764705882354, 0.4146341463414634, 0.32978723404255317, 0.21495327102803738, 0.19387755102040816, 0.21739130434782608, 0.16666666666666666, 0.18181818181818182, 0.2631578947368421, 0.19047619047619047, 0.5238095238095238, 0.3333333333333333, 0.4230769230769231, 0.21568627450980393, 0.3804347826086957, 0.2857142857142857, 0.24358974358974358, 0.5, 0.47191011235955055, 0.25, 0.32038834951456313, 0.24, 0.3137254901960784, 0.34951456310679613, 0.28421052631578947, 0.18181818181818182, 0.13043478260869565, 0.16666666666666666, 0.2857142857142857, 0.38095238095238093, 0.10526315789473684, 0.36363636363636365, 0.38461538461538464, 0.3783783783783784, 0.45054945054945056, 0.37, 0.2, 0.33980582524271846, 0.2777777777777778, 0.4090909090909091, 0.13043478260869565, 0.41509433962264153, 0.2916666666666667, 0.3411764705882353, 0.13636363636363635, 0.19047619047619047, 0.18181818181818182, 0.41414141414141414, 0.37254901960784315, 0.36, 0.33695652173913043, 0.37209302325581395, 0.3218390804597701, 0.24752475247524752, 0.24489795918367346, 0.2, 0.25, 0.22727272727272727, 0.14285714285714285, 0.5222222222222223, 0.4423076923076923, 0.36538461538461536, 0.3148148148148148, 0.33, 0.21359223300970873, 0.34782608695652173, 0.21875, 0.3333333333333333, 0.10526315789473684, 0.17391304347826086, 0.32967032967032966, 0.37, 0.16161616161616163, 0.26851851851851855, 0.35, 0.4782608695652174, 0.47619047619047616, 0.25, 0.43478260869565216, 0.15384615384615385, 0.3333333333333333, 0.21568627450980393, 0.34, 0.25, 0.2727272727272727, 0.32323232323232326, 0.2988505747126437, 0.36363636363636365, 0.4090909090909091, 0.08333333333333333, 0.09523809523809523, 0.42857142857142855, 0.36363636363636365, 0.2631578947368421, 0.2, 0.4117647058823529, 0.5294117647058824, 0.3368421052631579, 0.35106382978723405, 0.31958762886597936, 0.3111111111111111, 0.22448979591836735, 0.19047619047619047, 0.2631578947368421, 0.23809523809523808, 0.45977011494252873, 0.41346153846153844, 0.3333333333333333, 0.3870967741935484, 0.25225225225225223, 0.34408602150537637, 0.2, 0.19047619047619047, 0.13043478260869565, 0.15, 0.5913978494623656, 0.48936170212765956, 0.36666666666666664, 0.33, 0.3917525773195876, 0.35106382978723405, 0.2631578947368421, 0.23469387755102042, 0.19801980198019803, 0.17391304347826086, 0.4090909090909091, 0.13636363636363635, 0.2727272727272727, 0.21052631578947367, 0.42857142857142855, 0.29545454545454547, 0.3563218390804598, 0.24468085106382978]
Across score percent breakdown = [0.21739130434782608, 0.42857142857142855, 0.45794392523364486, 0.3523809523809524, 0.1782178217821782, 0.47619047619047616, 0.18181818181818182, 0.3137254901960784, 0.32978723404255317, 0.36666666666666664, 0.17391304347826086, 0.18181818181818182, 0.44554455445544555, 0.3111111111111111, 0.16, 0.23809523809523808, 0.4090909090909091, 0.3723404255319149, 0.3411764705882353, 0.42857142857142855, 0.391304347826087, 0.5301204819277109, 0.25, 0.18181818181818182, 0.14814814814814814, 0.47368421052631576, 0.09523809523809523, 0.35555555555555557, 0.5180722891566265, 0.37623762376237624, 0.4166666666666667, 0.30927835051546393, 0.25, 0.3838383838383838, 0.3804347826086957, 0.45161290322580644, 0.2708333333333333, 0.17391304347826086, 0.44, 0.22727272727272727, 0.23809523809523808, 0.36082474226804123, 0.4, 0.36363636363636365, 0.2524271844660194, 0.5056179775280899, 0.19801980198019803, 0.06578947368421052, 0.2, 0.38095238095238093, 0.45, 0.4, 0.33636363636363636, 0.4523809523809524, 0.37777777777777777, 0.2916666666666667, 0.391304347826087, 0.2727272727272727, 0.41237113402061853, 0.40860215053763443, 0.25806451612903225, 0.31313131313131315, 0.06578947368421052, 0.2608695652173913, 0.18181818181818182, 0.42201834862385323, 0.37254901960784315, 0.297029702970297, 0.19047619047619047, 0.56, 0.28, 0.2727272727272727, 0.34523809523809523, 0.2608695652173913, 0.2608695652173913, 0.39080459770114945, 0.37373737373737376, 0.14432989690721648, 0.37037037037037035, 0.42105263157894735, 0.3669724770642202]
